# cell           x     rho_el.     rho_ion   n_el  n_ion
    -1  -2.000e-02   0.000e+00   0.000e+00      0      0
     0  -1.000e-02   0.000e+00   0.000e+00      0      0
     1   0.000e+00   0.000e+00   0.000e+00      0      0
     2   1.000e-02   0.000e+00   0.000e+00      0      0
     3   2.000e-02   0.000e+00   0.000e+00      0      0
     4   3.000e-02   0.000e+00   0.000e+00      0      0
     5   4.000e-02   0.000e+00   0.000e+00      0      0
     6   5.000e-02   0.000e+00   0.000e+00      0      0
     7   6.000e-02   0.000e+00   0.000e+00      0      0
     8   7.000e-02   0.000e+00   0.000e+00      0      0
     9   8.000e-02   0.000e+00   0.000e+00      0      0
    10   9.000e-02   0.000e+00   0.000e+00      0      0
    11   1.000e-01   0.000e+00   0.000e+00      0      0
    12   1.100e-01   0.000e+00   0.000e+00      0      0
    13   1.200e-01   0.000e+00   0.000e+00      0      0
    14   1.300e-01   0.000e+00   0.000e+00      0      0
    15   1.400e-01   0.000e+00   0.000e+00      0      0
    16   1.500e-01   0.000e+00   0.000e+00      0      0
    17   1.600e-01   0.000e+00   0.000e+00      0      0
    18   1.700e-01   0.000e+00   0.000e+00      0      0
    19   1.800e-01   0.000e+00   0.000e+00      0      0
    20   1.900e-01   0.000e+00   0.000e+00      0      0
    21   2.000e-01   0.000e+00   0.000e+00      0      0
    22   2.100e-01   0.000e+00   0.000e+00      0      0
    23   2.200e-01   0.000e+00   0.000e+00      0      0
    24   2.300e-01   0.000e+00   0.000e+00      0      0
    25   2.400e-01   0.000e+00   0.000e+00      0      0
    26   2.500e-01   0.000e+00   0.000e+00      0      0
    27   2.600e-01   0.000e+00   0.000e+00      0      0
    28   2.700e-01   0.000e+00   0.000e+00      0      0
    29   2.800e-01   0.000e+00   0.000e+00      0      0
    30   2.900e-01   0.000e+00   0.000e+00      0      0
    31   3.000e-01   0.000e+00   0.000e+00      0      0
    32   3.100e-01   0.000e+00   0.000e+00      0      0
    33   3.200e-01   0.000e+00   0.000e+00      0      0
    34   3.300e-01   0.000e+00   0.000e+00      0      0
    35   3.400e-01   0.000e+00   0.000e+00      0      0
    36   3.500e-01   0.000e+00   0.000e+00      0      0
    37   3.600e-01   0.000e+00   0.000e+00      0      0
    38   3.700e-01   0.000e+00   0.000e+00      0      0
    39   3.800e-01   0.000e+00   0.000e+00      0      0
    40   3.900e-01   0.000e+00   0.000e+00      0      0
    41   4.000e-01   0.000e+00   0.000e+00      0      0
    42   4.100e-01   0.000e+00   0.000e+00      0      0
    43   4.200e-01   0.000e+00   0.000e+00      0      0
    44   4.300e-01   0.000e+00   0.000e+00      0      0
    45   4.400e-01   0.000e+00   0.000e+00      0      0
    46   4.500e-01   0.000e+00   0.000e+00      0      0
    47   4.600e-01   0.000e+00   0.000e+00      0      0
    48   4.700e-01   0.000e+00   0.000e+00      0      0
    49   4.800e-01   0.000e+00   0.000e+00      0      0
    50   4.900e-01   0.000e+00   0.000e+00      0      0
    51   5.000e-01   0.000e+00   0.000e+00      0      0
    52   5.100e-01   0.000e+00   0.000e+00      0      0
    53   5.200e-01   0.000e+00   0.000e+00      0      0
    54   5.300e-01   0.000e+00   0.000e+00      0      0
    55   5.400e-01   0.000e+00   0.000e+00      0      0
    56   5.500e-01   0.000e+00   0.000e+00      0      0
    57   5.600e-01   0.000e+00   0.000e+00      0      0
    58   5.700e-01   0.000e+00   0.000e+00      0      0
    59   5.800e-01   0.000e+00   0.000e+00      0      0
    60   5.900e-01   0.000e+00   0.000e+00      0      0
    61   6.000e-01   0.000e+00   0.000e+00      0      0
    62   6.100e-01   0.000e+00   0.000e+00      0      0
    63   6.200e-01   0.000e+00   0.000e+00      0      0
    64   6.300e-01   0.000e+00   0.000e+00      0      0
    65   6.400e-01   0.000e+00   0.000e+00      0      0
    66   6.500e-01   0.000e+00   0.000e+00      0      0
    67   6.600e-01   0.000e+00   0.000e+00      0      0
    68   6.700e-01   0.000e+00   0.000e+00      0      0
    69   6.800e-01   0.000e+00   0.000e+00      0      0
    70   6.900e-01   0.000e+00   0.000e+00      0      0
    71   7.000e-01   0.000e+00   0.000e+00      0      0
    72   7.100e-01   0.000e+00   0.000e+00      0      0
    73   7.200e-01   0.000e+00   0.000e+00      0      0
    74   7.300e-01   0.000e+00   0.000e+00      0      0
    75   7.400e-01   0.000e+00   0.000e+00      0      0
    76   7.500e-01   0.000e+00   0.000e+00      0      0
    77   7.600e-01   0.000e+00   0.000e+00      0      0
    78   7.700e-01   0.000e+00   0.000e+00      0      0
    79   7.800e-01   0.000e+00   0.000e+00      0      0
    80   7.900e-01   0.000e+00   0.000e+00      0      0
    81   8.000e-01   0.000e+00   0.000e+00      0      0
    82   8.100e-01   0.000e+00   0.000e+00      0      0
    83   8.200e-01   0.000e+00   0.000e+00      0      0
    84   8.300e-01   0.000e+00   0.000e+00      0      0
    85   8.400e-01   0.000e+00   0.000e+00      0      0
    86   8.500e-01   0.000e+00   0.000e+00      0      0
    87   8.600e-01   0.000e+00   0.000e+00      0      0
    88   8.700e-01   0.000e+00   0.000e+00      0      0
    89   8.800e-01   0.000e+00   0.000e+00      0      0
    90   8.900e-01   0.000e+00   0.000e+00      0      0
    91   9.000e-01   0.000e+00   0.000e+00      0      0
    92   9.100e-01   0.000e+00   0.000e+00      0      0
    93   9.200e-01   0.000e+00   0.000e+00      0      0
    94   9.300e-01   0.000e+00   0.000e+00      0      0
    95   9.400e-01   0.000e+00   0.000e+00      0      0
    96   9.500e-01   0.000e+00   0.000e+00      0      0
    97   9.600e-01   0.000e+00   0.000e+00      0      0
    98   9.700e-01   0.000e+00   0.000e+00      0      0
    99   9.800e-01   0.000e+00   0.000e+00      0      0
   100   9.900e-01   1.000e+00   1.000e+00     50     50
   101   1.000e+00   1.000e+00   1.000e+00     50     50
   102   1.010e+00   1.000e+00   1.000e+00     50     50
   103   1.020e+00   1.000e+00   1.000e+00     50     50
   104   1.030e+00   1.000e+00   1.000e+00     50     50
   105   1.040e+00   1.000e+00   1.000e+00     50     50
   106   1.050e+00   1.000e+00   1.000e+00     50     50
   107   1.060e+00   1.000e+00   1.000e+00     50     50
   108   1.070e+00   1.000e+00   1.000e+00     50     50
   109   1.080e+00   1.000e+00   1.000e+00     50     50
   110   1.090e+00   1.000e+00   1.000e+00     50     50
   111   1.100e+00   1.000e+00   1.000e+00     50     50
   112   1.110e+00   1.000e+00   1.000e+00     50     50
   113   1.120e+00   1.000e+00   1.000e+00     50     50
   114   1.130e+00   1.000e+00   1.000e+00     50     50
   115   1.140e+00   1.000e+00   1.000e+00     50     50
   116   1.150e+00   1.000e+00   1.000e+00     50     50
   117   1.160e+00   1.000e+00   1.000e+00     50     50
   118   1.170e+00   1.000e+00   1.000e+00     50     50
   119   1.180e+00   1.000e+00   1.000e+00     50     50
   120   1.190e+00   1.000e+00   1.000e+00     50     50
   121   1.200e+00   1.000e+00   1.000e+00     50     50
   122   1.210e+00   1.000e+00   1.000e+00     50     50
   123   1.220e+00   1.000e+00   1.000e+00     50     50
   124   1.230e+00   1.000e+00   1.000e+00     50     50
   125   1.240e+00   1.000e+00   1.000e+00     50     50
   126   1.250e+00   1.000e+00   1.000e+00     50     50
   127   1.260e+00   1.000e+00   1.000e+00     50     50
   128   1.270e+00   1.000e+00   1.000e+00     50     50
   129   1.280e+00   1.000e+00   1.000e+00     50     50
   130   1.290e+00   1.000e+00   1.000e+00     50     50
   131   1.300e+00   1.000e+00   1.000e+00     50     50
   132   1.310e+00   1.000e+00   1.000e+00     50     50
   133   1.320e+00   1.000e+00   1.000e+00     50     50
   134   1.330e+00   1.000e+00   1.000e+00     50     50
   135   1.340e+00   1.000e+00   1.000e+00     50     50
   136   1.350e+00   1.000e+00   1.000e+00     50     50
   137   1.360e+00   1.000e+00   1.000e+00     50     50
   138   1.370e+00   1.000e+00   1.000e+00     50     50
   139   1.380e+00   1.000e+00   1.000e+00     50     50
   140   1.390e+00   1.000e+00   1.000e+00     50     50
   141   1.400e+00   1.000e+00   1.000e+00     50     50
   142   1.410e+00   1.000e+00   1.000e+00     50     50
   143   1.420e+00   1.000e+00   1.000e+00     50     50
   144   1.430e+00   1.000e+00   1.000e+00     50     50
   145   1.440e+00   1.000e+00   1.000e+00     50     50
   146   1.450e+00   1.000e+00   1.000e+00     50     50
   147   1.460e+00   1.000e+00   1.000e+00     50     50
   148   1.470e+00   1.000e+00   1.000e+00     50     50
   149   1.480e+00   1.000e+00   1.000e+00     50     50
   150   1.490e+00   1.000e+00   1.000e+00     50     50
   151   1.500e+00   1.000e+00   1.000e+00     50     50
   152   1.510e+00   1.000e+00   1.000e+00     50     50
   153   1.520e+00   1.000e+00   1.000e+00     50     50
   154   1.530e+00   1.000e+00   1.000e+00     50     50
   155   1.540e+00   1.000e+00   1.000e+00     50     50
   156   1.550e+00   1.000e+00   1.000e+00     50     50
   157   1.560e+00   1.000e+00   1.000e+00     50     50
   158   1.570e+00   1.000e+00   1.000e+00     50     50
   159   1.580e+00   1.000e+00   1.000e+00     50     50
   160   1.590e+00   1.000e+00   1.000e+00     50     50
   161   1.600e+00   1.000e+00   1.000e+00     50     50
   162   1.610e+00   1.000e+00   1.000e+00     50     50
   163   1.620e+00   1.000e+00   1.000e+00     50     50
   164   1.630e+00   1.000e+00   1.000e+00     50     50
   165   1.640e+00   1.000e+00   1.000e+00     50     50
   166   1.650e+00   1.000e+00   1.000e+00     50     50
   167   1.660e+00   1.000e+00   1.000e+00     50     50
   168   1.670e+00   1.000e+00   1.000e+00     50     50
   169   1.680e+00   1.000e+00   1.000e+00     50     50
   170   1.690e+00   1.000e+00   1.000e+00     50     50
   171   1.700e+00   1.000e+00   1.000e+00     50     50
   172   1.710e+00   1.000e+00   1.000e+00     50     50
   173   1.720e+00   1.000e+00   1.000e+00     50     50
   174   1.730e+00   1.000e+00   1.000e+00     50     50
   175   1.740e+00   1.000e+00   1.000e+00     50     50
   176   1.750e+00   1.000e+00   1.000e+00     50     50
   177   1.760e+00   1.000e+00   1.000e+00     50     50
   178   1.770e+00   1.000e+00   1.000e+00     50     50
   179   1.780e+00   1.000e+00   1.000e+00     50     50
   180   1.790e+00   1.000e+00   1.000e+00     50     50
   181   1.800e+00   1.000e+00   1.000e+00     50     50
   182   1.810e+00   1.000e+00   1.000e+00     50     50
   183   1.820e+00   1.000e+00   1.000e+00     50     50
   184   1.830e+00   1.000e+00   1.000e+00     50     50
   185   1.840e+00   1.000e+00   1.000e+00     50     50
   186   1.850e+00   1.000e+00   1.000e+00     50     50
   187   1.860e+00   1.000e+00   1.000e+00     50     50
   188   1.870e+00   1.000e+00   1.000e+00     50     50
   189   1.880e+00   1.000e+00   1.000e+00     50     50
   190   1.890e+00   1.000e+00   1.000e+00     50     50
   191   1.900e+00   1.000e+00   1.000e+00     50     50
   192   1.910e+00   1.000e+00   1.000e+00     50     50
   193   1.920e+00   1.000e+00   1.000e+00     50     50
   194   1.930e+00   1.000e+00   1.000e+00     50     50
   195   1.940e+00   1.000e+00   1.000e+00     50     50
   196   1.950e+00   1.000e+00   1.000e+00     50     50
   197   1.960e+00   1.000e+00   1.000e+00     50     50
   198   1.970e+00   1.000e+00   1.000e+00     50     50
   199   1.980e+00   1.000e+00   1.000e+00     50     50
   200   1.990e+00   0.000e+00   0.000e+00      0      0
   201   2.000e+00   0.000e+00   0.000e+00      0      0
   202   2.010e+00   0.000e+00   0.000e+00      0      0
   203   2.020e+00   0.000e+00   0.000e+00      0      0
   204   2.030e+00   0.000e+00   0.000e+00      0      0
   205   2.040e+00   0.000e+00   0.000e+00      0      0
   206   2.050e+00   0.000e+00   0.000e+00      0      0
   207   2.060e+00   0.000e+00   0.000e+00      0      0
   208   2.070e+00   0.000e+00   0.000e+00      0      0
   209   2.080e+00   0.000e+00   0.000e+00      0      0
   210   2.090e+00   0.000e+00   0.000e+00      0      0
   211   2.100e+00   0.000e+00   0.000e+00      0      0
   212   2.110e+00   0.000e+00   0.000e+00      0      0
   213   2.120e+00   0.000e+00   0.000e+00      0      0
   214   2.130e+00   0.000e+00   0.000e+00      0      0
   215   2.140e+00   0.000e+00   0.000e+00      0      0
   216   2.150e+00   0.000e+00   0.000e+00      0      0
   217   2.160e+00   0.000e+00   0.000e+00      0      0
   218   2.170e+00   0.000e+00   0.000e+00      0      0
   219   2.180e+00   0.000e+00   0.000e+00      0      0
   220   2.190e+00   0.000e+00   0.000e+00      0      0
   221   2.200e+00   0.000e+00   0.000e+00      0      0
   222   2.210e+00   0.000e+00   0.000e+00      0      0
   223   2.220e+00   0.000e+00   0.000e+00      0      0
   224   2.230e+00   0.000e+00   0.000e+00      0      0
   225   2.240e+00   0.000e+00   0.000e+00      0      0
   226   2.250e+00   0.000e+00   0.000e+00      0      0
   227   2.260e+00   0.000e+00   0.000e+00      0      0
   228   2.270e+00   0.000e+00   0.000e+00      0      0
   229   2.280e+00   0.000e+00   0.000e+00      0      0
   230   2.290e+00   0.000e+00   0.000e+00      0      0
   231   2.300e+00   0.000e+00   0.000e+00      0      0
   232   2.310e+00   0.000e+00   0.000e+00      0      0
   233   2.320e+00   0.000e+00   0.000e+00      0      0
   234   2.330e+00   0.000e+00   0.000e+00      0      0
   235   2.340e+00   0.000e+00   0.000e+00      0      0
   236   2.350e+00   0.000e+00   0.000e+00      0      0
   237   2.360e+00   0.000e+00   0.000e+00      0      0
   238   2.370e+00   0.000e+00   0.000e+00      0      0
   239   2.380e+00   0.000e+00   0.000e+00      0      0
   240   2.390e+00   0.000e+00   0.000e+00      0      0
   241   2.400e+00   0.000e+00   0.000e+00      0      0
   242   2.410e+00   0.000e+00   0.000e+00      0      0
   243   2.420e+00   0.000e+00   0.000e+00      0      0
   244   2.430e+00   0.000e+00   0.000e+00      0      0
   245   2.440e+00   0.000e+00   0.000e+00      0      0
   246   2.450e+00   0.000e+00   0.000e+00      0      0
   247   2.460e+00   0.000e+00   0.000e+00      0      0
   248   2.470e+00   0.000e+00   0.000e+00      0      0
   249   2.480e+00   0.000e+00   0.000e+00      0      0
   250   2.490e+00   0.000e+00   0.000e+00      0      0
   251   2.500e+00   0.000e+00   0.000e+00      0      0
   252   2.510e+00   0.000e+00   0.000e+00      0      0
   253   2.520e+00   0.000e+00   0.000e+00      0      0
   254   2.530e+00   0.000e+00   0.000e+00      0      0
   255   2.540e+00   0.000e+00   0.000e+00      0      0
   256   2.550e+00   0.000e+00   0.000e+00      0      0
   257   2.560e+00   0.000e+00   0.000e+00      0      0
   258   2.570e+00   0.000e+00   0.000e+00      0      0
   259   2.580e+00   0.000e+00   0.000e+00      0      0
   260   2.590e+00   0.000e+00   0.000e+00      0      0
   261   2.600e+00   0.000e+00   0.000e+00      0      0
   262   2.610e+00   0.000e+00   0.000e+00      0      0
   263   2.620e+00   0.000e+00   0.000e+00      0      0
   264   2.630e+00   0.000e+00   0.000e+00      0      0
   265   2.640e+00   0.000e+00   0.000e+00      0      0
   266   2.650e+00   0.000e+00   0.000e+00      0      0
   267   2.660e+00   0.000e+00   0.000e+00      0      0
   268   2.670e+00   0.000e+00   0.000e+00      0      0
   269   2.680e+00   0.000e+00   0.000e+00      0      0
   270   2.690e+00   0.000e+00   0.000e+00      0      0
   271   2.700e+00   0.000e+00   0.000e+00      0      0
   272   2.710e+00   0.000e+00   0.000e+00      0      0
   273   2.720e+00   0.000e+00   0.000e+00      0      0
   274   2.730e+00   0.000e+00   0.000e+00      0      0
   275   2.740e+00   0.000e+00   0.000e+00      0      0
   276   2.750e+00   0.000e+00   0.000e+00      0      0
   277   2.760e+00   0.000e+00   0.000e+00      0      0
   278   2.770e+00   0.000e+00   0.000e+00      0      0
   279   2.780e+00   0.000e+00   0.000e+00      0      0
   280   2.790e+00   0.000e+00   0.000e+00      0      0
   281   2.800e+00   0.000e+00   0.000e+00      0      0
   282   2.810e+00   0.000e+00   0.000e+00      0      0
   283   2.820e+00   0.000e+00   0.000e+00      0      0
   284   2.830e+00   0.000e+00   0.000e+00      0      0
   285   2.840e+00   0.000e+00   0.000e+00      0      0
   286   2.850e+00   0.000e+00   0.000e+00      0      0
   287   2.860e+00   0.000e+00   0.000e+00      0      0
   288   2.870e+00   0.000e+00   0.000e+00      0      0
   289   2.880e+00   0.000e+00   0.000e+00      0      0
   290   2.890e+00   0.000e+00   0.000e+00      0      0
   291   2.900e+00   0.000e+00   0.000e+00      0      0
   292   2.910e+00   0.000e+00   0.000e+00      0      0
   293   2.920e+00   0.000e+00   0.000e+00      0      0
   294   2.930e+00   0.000e+00   0.000e+00      0      0
   295   2.940e+00   0.000e+00   0.000e+00      0      0
   296   2.950e+00   0.000e+00   0.000e+00      0      0
   297   2.960e+00   0.000e+00   0.000e+00      0      0
   298   2.970e+00   0.000e+00   0.000e+00      0      0
   299   2.980e+00   0.000e+00   0.000e+00      0      0
   300   2.990e+00   0.000e+00   0.000e+00      0      0
   301   3.000e+00   0.000e+00   0.000e+00      0      0
   302   3.010e+00   0.000e+00   0.000e+00      0      0
   303   3.020e+00   0.000e+00   0.000e+00      0      0
   304   3.030e+00   0.000e+00   0.000e+00      0      0
   305   3.040e+00   0.000e+00   0.000e+00      0      0
   306   3.050e+00   0.000e+00   0.000e+00      0      0
   307   3.060e+00   0.000e+00   0.000e+00      0      0
   308   3.070e+00   0.000e+00   0.000e+00      0      0
   309   3.080e+00   0.000e+00   0.000e+00      0      0
   310   3.090e+00   0.000e+00   0.000e+00      0      0
   311   3.100e+00   0.000e+00   0.000e+00      0      0
   312   3.110e+00   0.000e+00   0.000e+00      0      0
   313   3.120e+00   0.000e+00   0.000e+00      0      0
   314   3.130e+00   0.000e+00   0.000e+00      0      0
   315   3.140e+00   0.000e+00   0.000e+00      0      0
   316   3.150e+00   0.000e+00   0.000e+00      0      0
   317   3.160e+00   0.000e+00   0.000e+00      0      0
   318   3.170e+00   0.000e+00   0.000e+00      0      0
   319   3.180e+00   0.000e+00   0.000e+00      0      0
   320   3.190e+00   0.000e+00   0.000e+00      0      0
   321   3.200e+00   0.000e+00   0.000e+00      0      0
   322   3.210e+00   0.000e+00   0.000e+00      0      0
   323   3.220e+00   0.000e+00   0.000e+00      0      0
   324   3.230e+00   0.000e+00   0.000e+00      0      0
   325   3.240e+00   0.000e+00   0.000e+00      0      0
   326   3.250e+00   0.000e+00   0.000e+00      0      0
   327   3.260e+00   0.000e+00   0.000e+00      0      0
   328   3.270e+00   0.000e+00   0.000e+00      0      0
   329   3.280e+00   0.000e+00   0.000e+00      0      0
   330   3.290e+00   0.000e+00   0.000e+00      0      0
   331   3.300e+00   0.000e+00   0.000e+00      0      0
   332   3.310e+00   0.000e+00   0.000e+00      0      0
   333   3.320e+00   0.000e+00   0.000e+00      0      0
   334   3.330e+00   0.000e+00   0.000e+00      0      0
   335   3.340e+00   0.000e+00   0.000e+00      0      0
   336   3.350e+00   0.000e+00   0.000e+00      0      0
   337   3.360e+00   0.000e+00   0.000e+00      0      0
   338   3.370e+00   0.000e+00   0.000e+00      0      0
   339   3.380e+00   0.000e+00   0.000e+00      0      0
   340   3.390e+00   0.000e+00   0.000e+00      0      0
   341   3.400e+00   0.000e+00   0.000e+00      0      0
   342   3.410e+00   0.000e+00   0.000e+00      0      0
   343   3.420e+00   0.000e+00   0.000e+00      0      0
   344   3.430e+00   0.000e+00   0.000e+00      0      0
   345   3.440e+00   0.000e+00   0.000e+00      0      0
   346   3.450e+00   0.000e+00   0.000e+00      0      0
   347   3.460e+00   0.000e+00   0.000e+00      0      0
   348   3.470e+00   0.000e+00   0.000e+00      0      0
   349   3.480e+00   0.000e+00   0.000e+00      0      0
   350   3.490e+00   0.000e+00   0.000e+00      0      0
   351   3.500e+00   0.000e+00   0.000e+00      0      0
   352   3.510e+00   0.000e+00   0.000e+00      0      0
   353   3.520e+00   0.000e+00   0.000e+00      0      0
   354   3.530e+00   0.000e+00   0.000e+00      0      0
   355   3.540e+00   0.000e+00   0.000e+00      0      0
   356   3.550e+00   0.000e+00   0.000e+00      0      0
   357   3.560e+00   0.000e+00   0.000e+00      0      0
   358   3.570e+00   0.000e+00   0.000e+00      0      0
   359   3.580e+00   0.000e+00   0.000e+00      0      0
   360   3.590e+00   0.000e+00   0.000e+00      0      0
   361   3.600e+00   0.000e+00   0.000e+00      0      0
   362   3.610e+00   0.000e+00   0.000e+00      0      0
   363   3.620e+00   0.000e+00   0.000e+00      0      0
   364   3.630e+00   0.000e+00   0.000e+00      0      0
   365   3.640e+00   0.000e+00   0.000e+00      0      0
   366   3.650e+00   0.000e+00   0.000e+00      0      0
   367   3.660e+00   0.000e+00   0.000e+00      0      0
   368   3.670e+00   0.000e+00   0.000e+00      0      0
   369   3.680e+00   0.000e+00   0.000e+00      0      0
   370   3.690e+00   0.000e+00   0.000e+00      0      0
   371   3.700e+00   0.000e+00   0.000e+00      0      0
   372   3.710e+00   0.000e+00   0.000e+00      0      0
   373   3.720e+00   0.000e+00   0.000e+00      0      0
   374   3.730e+00   0.000e+00   0.000e+00      0      0
   375   3.740e+00   0.000e+00   0.000e+00      0      0
   376   3.750e+00   0.000e+00   0.000e+00      0      0
   377   3.760e+00   0.000e+00   0.000e+00      0      0
   378   3.770e+00   0.000e+00   0.000e+00      0      0
   379   3.780e+00   0.000e+00   0.000e+00      0      0
   380   3.790e+00   0.000e+00   0.000e+00      0      0
   381   3.800e+00   0.000e+00   0.000e+00      0      0
   382   3.810e+00   0.000e+00   0.000e+00      0      0
   383   3.820e+00   0.000e+00   0.000e+00      0      0
   384   3.830e+00   0.000e+00   0.000e+00      0      0
   385   3.840e+00   0.000e+00   0.000e+00      0      0
   386   3.850e+00   0.000e+00   0.000e+00      0      0
   387   3.860e+00   0.000e+00   0.000e+00      0      0
   388   3.870e+00   0.000e+00   0.000e+00      0      0
   389   3.880e+00   0.000e+00   0.000e+00      0      0
   390   3.890e+00   0.000e+00   0.000e+00      0      0
   391   3.900e+00   0.000e+00   0.000e+00      0      0
   392   3.910e+00   0.000e+00   0.000e+00      0      0
   393   3.920e+00   0.000e+00   0.000e+00      0      0
   394   3.930e+00   0.000e+00   0.000e+00      0      0
   395   3.940e+00   0.000e+00   0.000e+00      0      0
   396   3.950e+00   0.000e+00   0.000e+00      0      0
   397   3.960e+00   0.000e+00   0.000e+00      0      0
   398   3.970e+00   0.000e+00   0.000e+00      0      0
   399   3.980e+00   0.000e+00   0.000e+00      0      0
   400   3.990e+00   0.000e+00   0.000e+00      0      0
   401   4.000e+00   0.000e+00   0.000e+00      0      0
   402   4.010e+00   0.000e+00   0.000e+00      0      0
   403   4.020e+00   0.000e+00   0.000e+00      0      0
   404   4.030e+00   0.000e+00   0.000e+00      0      0
   405   4.040e+00   0.000e+00   0.000e+00      0      0
   406   4.050e+00   0.000e+00   0.000e+00      0      0
   407   4.060e+00   0.000e+00   0.000e+00      0      0
   408   4.070e+00   0.000e+00   0.000e+00      0      0
   409   4.080e+00   0.000e+00   0.000e+00      0      0
   410   4.090e+00   0.000e+00   0.000e+00      0      0
   411   4.100e+00   0.000e+00   0.000e+00      0      0
   412   4.110e+00   0.000e+00   0.000e+00      0      0
   413   4.120e+00   0.000e+00   0.000e+00      0      0
   414   4.130e+00   0.000e+00   0.000e+00      0      0
   415   4.140e+00   0.000e+00   0.000e+00      0      0
   416   4.150e+00   0.000e+00   0.000e+00      0      0
   417   4.160e+00   0.000e+00   0.000e+00      0      0
   418   4.170e+00   0.000e+00   0.000e+00      0      0
   419   4.180e+00   0.000e+00   0.000e+00      0      0
   420   4.190e+00   0.000e+00   0.000e+00      0      0
   421   4.200e+00   0.000e+00   0.000e+00      0      0
   422   4.210e+00   0.000e+00   0.000e+00      0      0
   423   4.220e+00   0.000e+00   0.000e+00      0      0
   424   4.230e+00   0.000e+00   0.000e+00      0      0
   425   4.240e+00   0.000e+00   0.000e+00      0      0
   426   4.250e+00   0.000e+00   0.000e+00      0      0
   427   4.260e+00   0.000e+00   0.000e+00      0      0
   428   4.270e+00   0.000e+00   0.000e+00      0      0
   429   4.280e+00   0.000e+00   0.000e+00      0      0
   430   4.290e+00   0.000e+00   0.000e+00      0      0
   431   4.300e+00   0.000e+00   0.000e+00      0      0
   432   4.310e+00   0.000e+00   0.000e+00      0      0
   433   4.320e+00   0.000e+00   0.000e+00      0      0
   434   4.330e+00   0.000e+00   0.000e+00      0      0
   435   4.340e+00   0.000e+00   0.000e+00      0      0
   436   4.350e+00   0.000e+00   0.000e+00      0      0
   437   4.360e+00   0.000e+00   0.000e+00      0      0
   438   4.370e+00   0.000e+00   0.000e+00      0      0
   439   4.380e+00   0.000e+00   0.000e+00      0      0
   440   4.390e+00   0.000e+00   0.000e+00      0      0
   441   4.400e+00   0.000e+00   0.000e+00      0      0
   442   4.410e+00   0.000e+00   0.000e+00      0      0
   443   4.420e+00   0.000e+00   0.000e+00      0      0
   444   4.430e+00   0.000e+00   0.000e+00      0      0
   445   4.440e+00   0.000e+00   0.000e+00      0      0
   446   4.450e+00   0.000e+00   0.000e+00      0      0
   447   4.460e+00   0.000e+00   0.000e+00      0      0
   448   4.470e+00   0.000e+00   0.000e+00      0      0
   449   4.480e+00   0.000e+00   0.000e+00      0      0
   450   4.490e+00   0.000e+00   0.000e+00      0      0
   451   4.500e+00   0.000e+00   0.000e+00      0      0
   452   4.510e+00   0.000e+00   0.000e+00      0      0
   453   4.520e+00   0.000e+00   0.000e+00      0      0
   454   4.530e+00   0.000e+00   0.000e+00      0      0
   455   4.540e+00   0.000e+00   0.000e+00      0      0
   456   4.550e+00   0.000e+00   0.000e+00      0      0
   457   4.560e+00   0.000e+00   0.000e+00      0      0
   458   4.570e+00   0.000e+00   0.000e+00      0      0
   459   4.580e+00   0.000e+00   0.000e+00      0      0
   460   4.590e+00   0.000e+00   0.000e+00      0      0
   461   4.600e+00   0.000e+00   0.000e+00      0      0
   462   4.610e+00   0.000e+00   0.000e+00      0      0
   463   4.620e+00   0.000e+00   0.000e+00      0      0
   464   4.630e+00   0.000e+00   0.000e+00      0      0
   465   4.640e+00   0.000e+00   0.000e+00      0      0
   466   4.650e+00   0.000e+00   0.000e+00      0      0
   467   4.660e+00   0.000e+00   0.000e+00      0      0
   468   4.670e+00   0.000e+00   0.000e+00      0      0
   469   4.680e+00   0.000e+00   0.000e+00      0      0
   470   4.690e+00   0.000e+00   0.000e+00      0      0
   471   4.700e+00   0.000e+00   0.000e+00      0      0
   472   4.710e+00   0.000e+00   0.000e+00      0      0
   473   4.720e+00   0.000e+00   0.000e+00      0      0
   474   4.730e+00   0.000e+00   0.000e+00      0      0
   475   4.740e+00   0.000e+00   0.000e+00      0      0
   476   4.750e+00   0.000e+00   0.000e+00      0      0
   477   4.760e+00   0.000e+00   0.000e+00      0      0
   478   4.770e+00   0.000e+00   0.000e+00      0      0
   479   4.780e+00   0.000e+00   0.000e+00      0      0
   480   4.790e+00   0.000e+00   0.000e+00      0      0
   481   4.800e+00   0.000e+00   0.000e+00      0      0
   482   4.810e+00   0.000e+00   0.000e+00      0      0
   483   4.820e+00   0.000e+00   0.000e+00      0      0
   484   4.830e+00   0.000e+00   0.000e+00      0      0
   485   4.840e+00   0.000e+00   0.000e+00      0      0
   486   4.850e+00   0.000e+00   0.000e+00      0      0
   487   4.860e+00   0.000e+00   0.000e+00      0      0
   488   4.870e+00   0.000e+00   0.000e+00      0      0
   489   4.880e+00   0.000e+00   0.000e+00      0      0
   490   4.890e+00   0.000e+00   0.000e+00      0      0
   491   4.900e+00   0.000e+00   0.000e+00      0      0
   492   4.910e+00   0.000e+00   0.000e+00      0      0
   493   4.920e+00   0.000e+00   0.000e+00      0      0
   494   4.930e+00   0.000e+00   0.000e+00      0      0
   495   4.940e+00   0.000e+00   0.000e+00      0      0
   496   4.950e+00   0.000e+00   0.000e+00      0      0
   497   4.960e+00   0.000e+00   0.000e+00      0      0
   498   4.970e+00   0.000e+00   0.000e+00      0      0
   499   4.980e+00   0.000e+00   0.000e+00      0      0
   500   4.990e+00   0.000e+00   0.000e+00      0      0
   501   5.000e+00   0.000e+00   0.000e+00      0      0
   502   5.010e+00   0.000e+00   0.000e+00      0      0
