     0.0000e+00      0.0000e+00
     2.0000e-02      9.8432e-04
     4.0000e-02      3.9058e-03
     6.0000e-02      8.6705e-03
     8.0000e-02      1.5125e-02
     1.0000e-01      2.3059e-02
     1.2000e-01      3.2211e-02
     1.4000e-01      4.2276e-02
     1.6000e-01      5.2911e-02
     1.8000e-01      6.3746e-02
     2.0000e-01      7.4389e-02
     2.2000e-01      8.4442e-02
     2.4000e-01      9.3506e-02
     2.6000e-01      1.0119e-01
     2.8000e-01      1.0714e-01
     3.0000e-01      1.1101e-01
     3.2000e-01      1.1251e-01
     3.4000e-01      1.1140e-01
     3.6000e-01      1.0748e-01
     3.8000e-01      1.0064e-01
     4.0000e-01      9.0818e-02
     4.2000e-01      7.8024e-02
     4.4000e-01      6.2349e-02
     4.6000e-01      4.3953e-02
     4.8000e-01      2.3069e-02
     5.0000e-01     -1.4651e-16
     5.2000e-01     -2.4888e-02
     5.4000e-01     -5.1170e-02
     5.6000e-01     -7.8370e-02
     5.8000e-01     -1.0597e-01
     6.0000e-01     -1.3342e-01
     6.2000e-01     -1.6016e-01
     6.4000e-01     -1.8560e-01
     6.6000e-01     -2.0916e-01
     6.8000e-01     -2.3030e-01
     7.0000e-01     -2.4846e-01
     7.2000e-01     -2.6317e-01
     7.4000e-01     -2.7397e-01
     7.6000e-01     -2.8049e-01
     7.8000e-01     -2.8241e-01
     8.0000e-01     -2.7951e-01
     8.2000e-01     -2.7164e-01
     8.4000e-01     -2.5875e-01
     8.6000e-01     -2.4088e-01
     8.8000e-01     -2.1817e-01
     9.0000e-01     -1.9087e-01
     9.2000e-01     -1.5929e-01
     9.4000e-01     -1.2388e-01
     9.6000e-01     -8.5120e-02
     9.8000e-01     -4.3611e-02
