#           w         r(w)        phase        dif()   r(w)*dif()
    0.000e+00    1.000e+00   -3.142e+00    0.000e+00    0.000e+00
    3.333e-03    1.000e+00   -3.133e+00   -6.237e-03   -6.237e-03
    6.667e-03    1.000e+00   -3.125e+00   -1.009e-02   -1.009e-02
    1.000e-02    1.000e+00   -3.117e+00   -1.009e-02   -1.009e-02
    1.333e-02    1.000e+00   -3.108e+00   -6.238e-03   -6.238e-03
    1.667e-02    1.000e+00   -3.100e+00    3.771e-17    3.771e-17
    2.000e-02    1.000e+00   -3.092e+00    6.239e-03    6.239e-03
    2.333e-02    1.000e+00   -3.083e+00    1.010e-02    1.010e-02
    2.667e-02    1.000e+00   -3.075e+00    1.010e-02    1.010e-02
    3.000e-02    1.000e+00   -3.067e+00    6.242e-03    6.242e-03
    3.333e-02    1.000e+00   -3.058e+00    7.547e-17    7.547e-17
    3.667e-02    1.000e+00   -3.050e+00   -6.245e-03   -6.245e-03
    4.000e-02    1.000e+00   -3.042e+00   -1.011e-02   -1.011e-02
    4.333e-02    1.000e+00   -3.033e+00   -1.011e-02   -1.011e-02
    4.667e-02    1.000e+00   -3.025e+00   -6.250e-03   -6.250e-03
    5.000e-02    1.000e+00   -3.017e+00    1.134e-16    1.134e-16
    5.333e-02    1.000e+00   -3.008e+00    6.254e-03    6.254e-03
    5.667e-02    1.000e+00   -3.000e+00    1.012e-02    1.012e-02
    6.000e-02    1.000e+00   -2.991e+00    1.013e-02    1.013e-02
    6.333e-02    1.000e+00   -2.983e+00    6.262e-03    6.262e-03
    6.667e-02    1.000e+00   -2.975e+00    0.000e+00    0.000e+00
    7.000e-02    1.000e+00   -2.966e+00   -6.267e-03   -6.267e-03
    7.333e-02    1.000e+00   -2.958e+00   -1.015e-02   -1.015e-02
    7.667e-02    1.000e+00   -2.950e+00   -1.015e-02   -1.015e-02
    8.000e-02    1.000e+00   -2.941e+00   -6.277e-03   -6.277e-03
    8.333e-02    1.000e+00   -2.933e+00   -1.139e-16   -1.139e-16
    8.667e-02    1.000e+00   -2.924e+00    6.284e-03    6.284e-03
    9.000e-02    1.000e+00   -2.916e+00    1.017e-02    1.017e-02
    9.333e-02    1.000e+00   -2.908e+00    1.018e-02    1.018e-02
    9.667e-02    1.000e+00   -2.899e+00    6.295e-03    6.295e-03
    1.000e-01    1.000e+00   -2.891e+00    2.285e-16    2.285e-16
    1.033e-01    1.000e+00   -2.883e+00   -6.304e-03   -6.304e-03
    1.067e-01    1.000e+00   -2.874e+00   -1.021e-02   -1.021e-02
    1.100e-01    1.000e+00   -2.866e+00   -1.021e-02   -1.021e-02
    1.133e-01    1.000e+00   -2.857e+00   -6.318e-03   -6.318e-03
    1.167e-01    1.000e+00   -2.849e+00   -3.439e-16   -3.439e-16
    1.200e-01    1.000e+00   -2.840e+00    6.328e-03    6.328e-03
    1.233e-01    1.000e+00   -2.832e+00    1.025e-02    1.025e-02
    1.267e-01    1.000e+00   -2.824e+00    1.026e-02    1.026e-02
    1.300e-01    1.000e+00   -2.815e+00    6.344e-03    6.344e-03
    1.333e-01    1.000e+00   -2.807e+00    1.535e-16    1.535e-16
    1.367e-01    1.000e+00   -2.798e+00   -6.355e-03   -6.355e-03
    1.400e-01    1.000e+00   -2.790e+00   -1.029e-02   -1.029e-02
    1.433e-01    1.000e+00   -2.781e+00   -1.030e-02   -1.030e-02
    1.467e-01    1.000e+00   -2.773e+00   -6.374e-03   -6.374e-03
    1.500e-01    1.000e+00   -2.764e+00   -2.699e-16   -2.699e-16
    1.533e-01    1.000e+00   -2.756e+00    6.387e-03    6.387e-03
    1.567e-01    1.000e+00   -2.747e+00    1.034e-02    1.034e-02
    1.600e-01    1.000e+00   -2.739e+00    1.036e-02    1.036e-02
    1.633e-01    1.000e+00   -2.730e+00    6.408e-03    6.408e-03
    1.667e-01    1.000e+00   -2.722e+00    3.877e-16    3.877e-16
    1.700e-01    1.000e+00   -2.713e+00   -6.422e-03   -6.422e-03
    1.733e-01    1.000e+00   -2.705e+00   -1.040e-02   -1.040e-02
    1.767e-01    1.000e+00   -2.696e+00   -1.042e-02   -1.042e-02
    1.800e-01    1.000e+00   -2.688e+00   -6.445e-03   -6.445e-03
    1.833e-01    1.000e+00   -2.679e+00   -5.071e-16   -5.071e-16
    1.867e-01    1.000e+00   -2.671e+00    6.462e-03    6.462e-03
    1.900e-01    1.000e+00   -2.662e+00    1.047e-02    1.047e-02
    1.933e-01    1.000e+00   -2.653e+00    1.048e-02    1.048e-02
    1.967e-01    1.000e+00   -2.645e+00    6.488e-03    6.488e-03
    2.000e-01    1.000e+00   -2.636e+00    6.283e-16    6.283e-16
    2.033e-01    1.000e+00   -2.628e+00   -6.506e-03   -6.506e-03
    2.067e-01    1.000e+00   -2.619e+00   -1.054e-02   -1.054e-02
    2.100e-01    1.000e+00   -2.610e+00   -1.056e-02   -1.056e-02
    2.133e-01    1.000e+00   -2.602e+00   -6.534e-03   -6.534e-03
    2.167e-01    1.000e+00   -2.593e+00   -4.351e-16   -4.351e-16
    2.200e-01    1.000e+00   -2.584e+00    6.554e-03    6.554e-03
    2.233e-01    1.000e+00   -2.576e+00    1.062e-02    1.062e-02
    2.267e-01    1.000e+00   -2.567e+00    1.064e-02    1.064e-02
    2.300e-01    1.000e+00   -2.558e+00    6.585e-03    6.585e-03
    2.333e-01    1.000e+00   -2.550e+00    5.581e-16    5.581e-16
    2.367e-01    1.000e+00   -2.541e+00   -6.607e-03   -6.607e-03
    2.400e-01    1.000e+00   -2.532e+00   -1.071e-02   -1.071e-02
    2.433e-01    1.000e+00   -2.523e+00   -1.073e-02   -1.073e-02
    2.467e-01    1.000e+00   -2.515e+00   -6.641e-03   -6.641e-03
    2.500e-01    1.000e+00   -2.506e+00   -6.835e-16   -6.835e-16
    2.533e-01    1.000e+00   -2.497e+00    6.664e-03    6.664e-03
    2.567e-01    1.000e+00   -2.488e+00    1.080e-02    1.080e-02
    2.600e-01    1.000e+00   -2.480e+00    1.082e-02    1.082e-02
    2.633e-01    1.000e+00   -2.471e+00    6.701e-03    6.701e-03
    2.667e-01    1.000e+00   -2.462e+00    4.870e-16    4.870e-16
    2.700e-01    1.000e+00   -2.453e+00   -6.727e-03   -6.727e-03
    2.733e-01    1.000e+00   -2.444e+00   -1.091e-02   -1.091e-02
    2.767e-01    1.000e+00   -2.435e+00   -1.093e-02   -1.093e-02
    2.800e-01    1.000e+00   -2.426e+00   -6.767e-03   -6.767e-03
    2.833e-01    1.000e+00   -2.418e+00   -2.869e-16   -2.869e-16
    2.867e-01    1.000e+00   -2.409e+00    6.795e-03    6.795e-03
    2.900e-01    1.000e+00   -2.400e+00    1.102e-02    1.102e-02
    2.933e-01    1.000e+00   -2.391e+00    1.104e-02    1.104e-02
    2.967e-01    1.000e+00   -2.382e+00    6.838e-03    6.838e-03
    3.000e-01    1.000e+00   -2.373e+00    8.285e-17    8.285e-17
    3.033e-01    1.000e+00   -2.364e+00   -6.869e-03   -6.869e-03
    3.067e-01    1.000e+00   -2.355e+00   -1.114e-02   -1.114e-02
    3.100e-01    1.000e+00   -2.346e+00   -1.116e-02   -1.116e-02
    3.133e-01    1.000e+00   -2.337e+00   -6.916e-03   -6.916e-03
    3.167e-01    1.000e+00   -2.328e+00    1.257e-16    1.257e-16
    3.200e-01    1.000e+00   -2.319e+00    6.948e-03    6.948e-03
    3.233e-01    1.000e+00   -2.309e+00    1.127e-02    1.127e-02
    3.267e-01    1.000e+00   -2.300e+00    1.130e-02    1.130e-02
    3.300e-01    1.000e+00   -2.291e+00    6.999e-03    6.999e-03
    3.333e-01    1.000e+00   -2.282e+00   -4.523e-16   -4.523e-16
    3.367e-01    1.000e+00   -2.273e+00   -7.034e-03   -7.034e-03
    3.400e-01    1.000e+00   -2.264e+00   -1.141e-02   -1.141e-02
    3.433e-01    1.000e+00   -2.254e+00   -1.144e-02   -1.144e-02
    3.467e-01    1.000e+00   -2.245e+00   -7.088e-03   -7.088e-03
    3.500e-01    1.000e+00   -2.236e+00    6.744e-16    6.744e-16
    3.533e-01    1.000e+00   -2.227e+00    7.126e-03    7.126e-03
    3.567e-01    1.000e+00   -2.217e+00    1.156e-02    1.156e-02
    3.600e-01    1.000e+00   -2.208e+00    1.159e-02    1.159e-02
    3.633e-01    1.000e+00   -2.199e+00    7.185e-03    7.185e-03
    3.667e-01    1.000e+00   -2.189e+00   -1.013e-15   -1.013e-15
    3.700e-01    1.000e+00   -2.180e+00   -7.226e-03   -7.226e-03
    3.733e-01    1.000e+00   -2.171e+00   -1.173e-02   -1.173e-02
    3.767e-01    1.000e+00   -2.161e+00   -1.176e-02   -1.176e-02
    3.800e-01    1.000e+00   -2.152e+00   -7.289e-03   -7.289e-03
    3.833e-01    1.000e+00   -2.142e+00    1.139e-15    1.139e-15
    3.867e-01    1.000e+00   -2.133e+00    7.333e-03    7.333e-03
    3.900e-01    1.000e+00   -2.123e+00    1.190e-02    1.190e-02
    3.933e-01    1.000e+00   -2.114e+00    1.194e-02    1.194e-02
    3.967e-01    1.000e+00   -2.104e+00    7.401e-03    7.401e-03
    4.000e-01    1.000e+00   -2.094e+00   -1.490e-15   -1.490e-15
    4.033e-01    1.000e+00   -2.085e+00   -7.448e-03   -7.448e-03
    4.067e-01    1.000e+00   -2.075e+00   -1.209e-02   -1.209e-02
    4.100e-01    1.000e+00   -2.065e+00   -1.213e-02   -1.213e-02
    4.133e-01    1.000e+00   -2.056e+00   -7.522e-03   -7.522e-03
    4.167e-01    1.000e+00   -2.046e+00    1.764e-15    1.764e-15
    4.200e-01    1.000e+00   -2.036e+00    7.572e-03    7.572e-03
    4.233e-01    1.000e+00   -2.026e+00    1.229e-02    1.229e-02
    4.267e-01    1.000e+00   -2.017e+00    1.234e-02    1.234e-02
    4.300e-01    1.000e+00   -2.007e+00    7.651e-03    7.651e-03
    4.333e-01    1.000e+00   -1.997e+00   -2.135e-15   -2.135e-15
    4.367e-01    1.000e+00   -1.987e+00   -7.706e-03   -7.706e-03
    4.400e-01    1.000e+00   -1.977e+00   -1.251e-02   -1.251e-02
    4.433e-01    1.000e+00   -1.967e+00   -1.256e-02   -1.256e-02
    4.467e-01    1.000e+00   -1.957e+00   -7.791e-03   -7.791e-03
    4.500e-01    1.000e+00   -1.947e+00    2.307e-15    2.307e-15
    4.533e-01    1.000e+00   -1.937e+00    7.850e-03    7.850e-03
    4.567e-01    1.000e+00   -1.927e+00    1.275e-02    1.275e-02
    4.600e-01    1.000e+00   -1.916e+00    1.280e-02    1.280e-02
    4.633e-01    1.000e+00   -1.906e+00    7.941e-03    7.941e-03
    4.667e-01    1.000e+00   -1.896e+00   -2.699e-15   -2.699e-15
    4.700e-01    1.000e+00   -1.886e+00   -8.005e-03   -8.005e-03
    4.733e-01    1.000e+00   -1.875e+00   -1.300e-02   -1.300e-02
    4.767e-01    1.000e+00   -1.865e+00   -1.306e-02   -1.306e-02
    4.800e-01    1.000e+00   -1.855e+00   -8.104e-03   -8.104e-03
    4.833e-01    1.000e+00   -1.844e+00    3.102e-15    3.102e-15
    4.867e-01    1.000e+00   -1.834e+00    8.172e-03    8.172e-03
    4.900e-01    1.000e+00   -1.823e+00    1.328e-02    1.328e-02
    4.933e-01    1.000e+00   -1.813e+00    1.334e-02    1.334e-02
    4.967e-01    1.000e+00   -1.802e+00    8.279e-03    8.279e-03
    5.000e-01    1.000e+00   -1.791e+00   -3.317e-15   -3.317e-15
    5.033e-01    1.000e+00   -1.781e+00   -8.353e-03   -8.353e-03
    5.067e-01    1.000e+00   -1.770e+00   -1.358e-02   -1.358e-02
    5.100e-01    1.000e+00   -1.759e+00   -1.364e-02   -1.364e-02
    5.133e-01    1.000e+00   -1.748e+00   -8.468e-03   -8.468e-03
    5.167e-01    1.000e+00   -1.737e+00    2.928e-15    2.928e-15
    5.200e-01    1.000e+00   -1.726e+00    8.548e-03    8.548e-03
    5.233e-01    1.000e+00   -1.715e+00    1.390e-02    1.390e-02
    5.267e-01    1.000e+00   -1.704e+00    1.396e-02    1.396e-02
    5.300e-01    1.000e+00   -1.693e+00    8.673e-03    8.673e-03
    5.333e-01    1.000e+00   -1.682e+00   -2.479e-15   -2.479e-15
    5.367e-01    1.000e+00   -1.671e+00   -8.759e-03   -8.759e-03
    5.400e-01    1.000e+00   -1.660e+00   -1.424e-02   -1.424e-02
    5.433e-01    1.000e+00   -1.648e+00   -1.432e-02   -1.432e-02
    5.467e-01    1.000e+00   -1.637e+00   -8.895e-03   -8.895e-03
    5.500e-01    1.000e+00   -1.626e+00    2.048e-15    2.048e-15
    5.533e-01    1.000e+00   -1.614e+00    8.989e-03    8.989e-03
    5.567e-01    1.000e+00   -1.602e+00    1.462e-02    1.462e-02
    5.600e-01    1.000e+00   -1.591e+00    1.470e-02    1.470e-02
    5.633e-01    1.000e+00   -1.579e+00    9.136e-03    9.136e-03
    5.667e-01    1.000e+00   -1.567e+00   -1.570e-15   -1.570e-15
    5.700e-01    1.000e+00   -1.555e+00   -9.238e-03   -9.238e-03
    5.733e-01    1.000e+00   -1.544e+00   -1.503e-02   -1.503e-02
    5.767e-01    1.000e+00   -1.532e+00   -1.512e-02   -1.512e-02
    5.800e-01    1.000e+00   -1.520e+00   -9.398e-03   -9.398e-03
    5.833e-01    1.000e+00   -1.507e+00    1.086e-15    1.086e-15
    5.867e-01    1.000e+00   -1.495e+00    9.510e-03    9.510e-03
    5.900e-01    1.000e+00   -1.483e+00    1.548e-02    1.548e-02
    5.933e-01    1.000e+00   -1.470e+00    1.557e-02    1.557e-02
    5.967e-01    1.000e+00   -1.458e+00    9.684e-03    9.684e-03
    6.000e-01    1.000e+00   -1.445e+00   -7.539e-16   -7.539e-16
    6.033e-01    1.000e+00   -1.433e+00   -9.806e-03   -9.806e-03
    6.067e-01    1.000e+00   -1.420e+00   -1.597e-02   -1.597e-02
    6.100e-01    1.000e+00   -1.407e+00   -1.607e-02   -1.607e-02
    6.133e-01    1.000e+00   -1.394e+00   -9.997e-03   -9.997e-03
    6.167e-01    1.000e+00   -1.381e+00    1.419e-17    1.419e-17
    6.200e-01    1.000e+00   -1.368e+00    1.013e-02    1.013e-02
    6.233e-01    1.000e+00   -1.355e+00    1.650e-02    1.650e-02
    6.267e-01    1.000e+00   -1.342e+00    1.662e-02    1.662e-02
    6.300e-01    1.000e+00   -1.328e+00    1.034e-02    1.034e-02
    6.333e-01    1.000e+00   -1.315e+00    3.777e-16    3.777e-16
    6.367e-01    1.000e+00   -1.301e+00   -1.049e-02   -1.049e-02
    6.400e-01    1.000e+00   -1.287e+00   -1.709e-02   -1.709e-02
    6.433e-01    1.000e+00   -1.273e+00   -1.722e-02   -1.722e-02
    6.467e-01    1.000e+00   -1.259e+00   -1.072e-02   -1.072e-02
    6.500e-01    1.000e+00   -1.245e+00   -1.018e-15   -1.018e-15
    6.533e-01    1.000e+00   -1.230e+00    1.088e-02    1.088e-02
    6.567e-01    1.000e+00   -1.216e+00    1.774e-02    1.774e-02
    6.600e-01    1.000e+00   -1.201e+00    1.788e-02    1.788e-02
    6.633e-01    1.000e+00   -1.186e+00    1.114e-02    1.114e-02
    6.667e-01    1.000e+00   -1.171e+00    1.787e-15    1.787e-15
    6.700e-01    1.000e+00   -1.156e+00   -1.132e-02   -1.132e-02
    6.733e-01    1.000e+00   -1.141e+00   -1.846e-02   -1.846e-02
    6.767e-01    1.000e+00   -1.125e+00   -1.861e-02   -1.861e-02
    6.800e-01    1.000e+00   -1.110e+00   -1.160e-02   -1.160e-02
    6.833e-01    1.000e+00   -1.094e+00   -2.430e-15   -2.430e-15
    6.867e-01    1.000e+00   -1.078e+00    1.180e-02    1.180e-02
    6.900e-01    1.000e+00   -1.061e+00    1.926e-02    1.926e-02
    6.933e-01    1.000e+00   -1.045e+00    1.943e-02    1.943e-02
    6.967e-01    1.000e+00   -1.028e+00    1.212e-02    1.212e-02
    7.000e-01    1.000e+00   -1.011e+00    3.319e-15    3.319e-15
    7.033e-01    1.000e+00   -9.934e-01   -1.234e-02   -1.234e-02
    7.067e-01    1.000e+00   -9.757e-01   -2.016e-02   -2.016e-02
    7.100e-01    1.000e+00   -9.578e-01   -2.035e-02   -2.035e-02
    7.133e-01    1.000e+00   -9.396e-01   -1.270e-02   -1.270e-02
    7.167e-01    1.000e+00   -9.210e-01   -4.108e-15   -4.108e-15
    7.200e-01    1.000e+00   -9.021e-01    1.295e-02    1.295e-02
    7.233e-01    1.000e+00   -8.827e-01    2.116e-02    2.116e-02
    7.267e-01    1.000e+00   -8.630e-01    2.138e-02    2.138e-02
    7.300e-01    1.000e+00   -8.429e-01    1.335e-02    1.335e-02
    7.333e-01    1.000e+00   -8.223e-01    4.991e-15    4.991e-15
    7.367e-01    1.000e+00   -8.012e-01   -1.364e-02   -1.364e-02
    7.400e-01    1.000e+00   -7.795e-01   -2.231e-02   -2.231e-02
    7.433e-01    1.000e+00   -7.573e-01   -2.255e-02   -2.255e-02
    7.467e-01    1.000e+00   -7.344e-01   -1.409e-02   -1.409e-02
    7.500e-01    1.000e+00   -7.108e-01   -6.161e-15   -6.161e-15
    7.533e-01    1.000e+00   -6.865e-01    1.442e-02    1.442e-02
    7.567e-01    1.000e+00   -6.613e-01    2.361e-02    2.361e-02
    7.600e-01    1.000e+00   -6.351e-01    2.389e-02    2.389e-02
    7.633e-01    1.000e+00   -6.079e-01    1.494e-02    1.494e-02
    7.667e-01    1.000e+00   -5.794e-01    7.294e-15    7.294e-15
    7.700e-01    1.000e+00   -5.494e-01   -1.532e-02   -1.532e-02
    7.733e-01    1.000e+00   -5.178e-01   -2.510e-02   -2.510e-02
    7.767e-01    1.000e+00   -4.842e-01   -2.543e-02   -2.543e-02
    7.800e-01    1.000e+00   -4.482e-01   -1.593e-02   -1.593e-02
    7.833e-01    1.000e+00   -4.090e-01   -8.598e-15   -8.598e-15
    7.867e-01    1.000e+00   -3.657e-01    1.636e-02    1.636e-02
    7.900e-01    1.000e+00   -3.166e-01    2.684e-02    2.684e-02
    7.933e-01    1.000e+00   -2.584e-01    2.723e-02    2.723e-02
    7.967e-01    1.000e+00   -1.826e-01    1.707e-02    1.707e-02
    8.000e-01    1.000e+00   -1.374e-07    1.028e-14    1.028e-14
    8.033e-01    8.332e-01    0.000e+00   -1.758e-02   -1.465e-02
    8.067e-01    7.726e-01    0.000e+00   -2.889e-02   -2.232e-02
    8.100e-01    7.291e-01    0.000e+00   -2.934e-02   -2.139e-02
    8.133e-01    6.944e-01    0.000e+00   -1.842e-02   -1.280e-02
    8.167e-01    6.653e-01    0.000e+00   -1.207e-14   -8.029e-15
    8.200e-01    6.400e-01    0.000e+00    1.904e-02    1.218e-02
    8.233e-01    6.176e-01    0.000e+00    3.133e-02    1.935e-02
    8.267e-01    5.975e-01    0.000e+00    3.187e-02    1.904e-02
    8.300e-01    5.792e-01    0.000e+00    2.005e-02    1.161e-02
    8.333e-01    5.625e-01    0.000e+00    1.437e-14    8.084e-15
    8.367e-01    5.470e-01    0.000e+00   -2.079e-02   -1.137e-02
    8.400e-01    5.327e-01    0.000e+00   -3.428e-02   -1.826e-02
    8.433e-01    5.193e-01    0.000e+00   -3.494e-02   -1.814e-02
    8.467e-01    5.067e-01    0.000e+00   -2.203e-02   -1.116e-02
    8.500e-01    4.949e-01    0.000e+00   -1.698e-14   -8.403e-15
    8.533e-01    4.837e-01    0.000e+00    2.294e-02    1.110e-02
    8.567e-01    4.731e-01    0.000e+00    3.792e-02    1.794e-02
    8.600e-01    4.631e-01    0.000e+00    3.875e-02    1.795e-02
    8.633e-01    4.535e-01    0.000e+00    2.449e-02    1.111e-02
    8.667e-01    4.444e-01    0.000e+00    2.023e-14    8.993e-15
    8.700e-01    4.358e-01    0.000e+00   -2.565e-02   -1.118e-02
    8.733e-01    4.274e-01    0.000e+00   -4.253e-02   -1.818e-02
    8.767e-01    4.195e-01    0.000e+00   -4.360e-02   -1.829e-02
    8.800e-01    4.118e-01    0.000e+00   -2.764e-02   -1.138e-02
    8.833e-01    4.045e-01    0.000e+00   -2.457e-14   -9.940e-15
    8.867e-01    3.974e-01    0.000e+00    2.917e-02    1.159e-02
    8.900e-01    3.906e-01    0.000e+00    4.854e-02    1.896e-02
    8.933e-01    3.841e-01    0.000e+00    4.997e-02    1.919e-02
    8.967e-01    3.777e-01    0.000e+00    3.182e-02    1.202e-02
    9.000e-01    3.716e-01    0.000e+00    3.014e-14    1.120e-14
    9.033e-01    3.657e-01    0.000e+00   -3.390e-02   -1.240e-02
    9.067e-01    3.600e-01    0.000e+00   -5.671e-02   -2.041e-02
    9.100e-01    3.545e-01    0.000e+00   -5.870e-02   -2.081e-02
    9.133e-01    3.491e-01    0.000e+00   -3.761e-02   -1.313e-02
    9.167e-01    3.439e-01    0.000e+00   -3.792e-14   -1.304e-14
    9.200e-01    3.389e-01    0.000e+00    4.060e-02    1.376e-02
    9.233e-01    3.340e-01    0.000e+00    6.843e-02    2.285e-02
    9.267e-01    3.292e-01    0.000e+00    7.142e-02    2.351e-02
    9.300e-01    3.246e-01    0.000e+00    4.616e-02    1.498e-02
    9.333e-01    3.201e-01    0.000e+00    4.974e-14    1.592e-14
    9.367e-01    3.157e-01    0.000e+00   -5.085e-02   -1.605e-02
    9.400e-01    3.114e-01    0.000e+00   -8.669e-02   -2.700e-02
    9.433e-01    3.073e-01    0.000e+00   -9.163e-02   -2.816e-02
    9.467e-01    3.032e-01    0.000e+00   -6.007e-02   -1.821e-02
    9.500e-01    2.993e-01    0.000e+00   -6.917e-14   -2.070e-14
    9.533e-01    2.954e-01    0.000e+00    6.842e-02    2.021e-02
    9.567e-01    2.917e-01    0.000e+00    1.190e-01    3.471e-02
    9.600e-01    2.880e-01    0.000e+00    1.287e-01    3.707e-02
    9.633e-01    2.844e-01    0.000e+00    8.663e-02    2.464e-02
    9.667e-01    2.810e-01    0.000e+00    1.082e-13    3.039e-14
    9.700e-01    2.775e-01    0.000e+00   -1.055e-01   -2.929e-02
    9.733e-01    2.742e-01    0.000e+00   -1.918e-01   -5.258e-02
    9.767e-01    2.709e-01    0.000e+00   -2.188e-01   -5.928e-02
    9.800e-01    2.678e-01    0.000e+00   -1.575e-01   -4.217e-02
    9.833e-01    2.646e-01    0.000e+00   -2.248e-13   -5.949e-14
    9.867e-01    2.616e-01    0.000e+00    2.354e-01    6.159e-02
    9.900e-01    2.586e-01    0.000e+00    5.071e-01    1.311e-01
    9.933e-01    2.557e-01    0.000e+00    7.594e-01    1.941e-01
    9.967e-01    2.528e-01    0.000e+00    9.371e-01    2.369e-01
    1.000e-00    2.500e-01    0.000e+00    1.000e+00    2.500e-01
    1.003e+00    2.473e-01    0.000e+00    9.339e-01    2.309e-01
    1.007e+00    2.446e-01    0.000e+00    7.543e-01    1.845e-01
    1.010e+00    2.419e-01    0.000e+00    5.020e-01    1.215e-01
    1.013e+00    2.393e-01    0.000e+00    2.323e-01    5.560e-02
    1.017e+00    2.368e-01    0.000e+00    2.150e-13    5.090e-14
    1.020e+00    2.343e-01    0.000e+00   -1.544e-01   -3.617e-02
    1.023e+00    2.318e-01    0.000e+00   -2.137e-01   -4.956e-02
    1.027e+00    2.294e-01    0.000e+00   -1.867e-01   -4.284e-02
    1.030e+00    2.271e-01    0.000e+00   -1.024e-01   -2.326e-02
    1.033e+00    2.248e-01    0.000e+00   -9.522e-14   -2.140e-14
    1.037e+00    2.225e-01    0.000e+00    8.351e-02    1.858e-02
    1.040e+00    2.203e-01    0.000e+00    1.237e-01    2.724e-02
    1.043e+00    2.181e-01    0.000e+00    1.140e-01    2.485e-02
    1.047e+00    2.159e-01    0.000e+00    6.530e-02    1.410e-02
    1.050e+00    2.138e-01    0.000e+00    5.559e-14    1.189e-14
    1.053e+00    2.117e-01    0.000e+00   -5.695e-02   -1.206e-02
    1.057e+00    2.097e-01    0.000e+00   -8.659e-02   -1.816e-02
    1.060e+00    2.077e-01    0.000e+00   -8.164e-02   -1.696e-02
    1.063e+00    2.057e-01    0.000e+00   -4.772e-02   -9.818e-03
    1.067e+00    2.038e-01    0.000e+00   -3.569e-14   -7.273e-15
    1.070e+00    2.019e-01    0.000e+00    4.304e-02    8.688e-03
    1.073e+00    2.000e-01    0.000e+00    6.637e-02    1.327e-02
    1.077e+00    1.981e-01    0.000e+00    6.338e-02    1.256e-02
    1.080e+00    1.963e-01    0.000e+00    3.748e-02    7.358e-03
    1.083e+00    1.945e-01    0.000e+00    2.395e-14    4.658e-15
    1.087e+00    1.928e-01    0.000e+00   -3.449e-02   -6.648e-03
    1.090e+00    1.910e-01    0.000e+00   -5.365e-02   -1.025e-02
    1.093e+00    1.893e-01    0.000e+00   -5.165e-02   -9.779e-03
    1.097e+00    1.876e-01    0.000e+00   -3.077e-02   -5.774e-03
    1.100e+00    1.860e-01    0.000e+00   -1.616e-14   -3.005e-15
    1.103e+00    1.844e-01    0.000e+00    2.869e-02    5.290e-03
    1.107e+00    1.828e-01    0.000e+00    4.491e-02    8.207e-03
    1.110e+00    1.812e-01    0.000e+00    4.348e-02    7.877e-03
    1.113e+00    1.796e-01    0.000e+00    2.604e-02    4.677e-03
    1.117e+00    1.781e-01    0.000e+00    1.046e-14    1.863e-15
    1.120e+00    1.766e-01    0.000e+00   -2.451e-02   -4.329e-03
    1.123e+00    1.751e-01    0.000e+00   -3.853e-02   -6.746e-03
    1.127e+00    1.736e-01    0.000e+00   -3.746e-02   -6.504e-03
    1.130e+00    1.722e-01    0.000e+00   -2.252e-02   -3.878e-03
    1.133e+00    1.707e-01    0.000e+00   -6.502e-15   -1.110e-15
    1.137e+00    1.693e-01    0.000e+00    2.136e-02    3.616e-03
    1.140e+00    1.679e-01    0.000e+00    3.368e-02    5.656e-03
    1.143e+00    1.666e-01    0.000e+00    3.285e-02    5.471e-03
    1.147e+00    1.652e-01    0.000e+00    1.981e-02    3.273e-03
    1.150e+00    1.639e-01    0.000e+00    3.211e-15    5.263e-16
    1.153e+00    1.626e-01    0.000e+00   -1.889e-02   -3.071e-03
    1.157e+00    1.613e-01    0.000e+00   -2.987e-02   -4.817e-03
    1.160e+00    1.600e-01    0.000e+00   -2.920e-02   -4.672e-03
    1.163e+00    1.587e-01    0.000e+00   -1.765e-02   -2.802e-03
    1.167e+00    1.575e-01    0.000e+00   -8.525e-16   -1.343e-16
    1.170e+00    1.563e-01    0.000e+00    1.691e-02    2.642e-03
    1.173e+00    1.551e-01    0.000e+00    2.679e-02    4.153e-03
    1.177e+00    1.539e-01    0.000e+00    2.624e-02    4.037e-03
    1.180e+00    1.527e-01    0.000e+00    1.589e-02    2.427e-03
    1.183e+00    1.515e-01    0.000e+00   -1.276e-15   -1.933e-16
    1.187e+00    1.504e-01    0.000e+00   -1.528e-02   -2.297e-03
    1.190e+00    1.492e-01    0.000e+00   -2.425e-02   -3.619e-03
    1.193e+00    1.481e-01    0.000e+00   -2.380e-02   -3.524e-03
    1.197e+00    1.470e-01    0.000e+00   -1.444e-02   -2.122e-03
    1.200e+00    1.459e-01    0.000e+00    2.707e-15    3.950e-16
    1.203e+00    1.448e-01    0.000e+00    1.392e-02    2.016e-03
    1.207e+00    1.437e-01    0.000e+00    2.213e-02    3.181e-03
    1.210e+00    1.427e-01    0.000e+00    2.174e-02    3.103e-03
    1.213e+00    1.417e-01    0.000e+00    1.321e-02    1.871e-03
    1.217e+00    1.406e-01    0.000e+00   -4.194e-15   -5.898e-16
    1.220e+00    1.396e-01    0.000e+00   -1.277e-02   -1.783e-03
    1.223e+00    1.386e-01    0.000e+00   -2.032e-02   -2.817e-03
    1.227e+00    1.376e-01    0.000e+00   -1.999e-02   -2.751e-03
    1.230e+00    1.366e-01    0.000e+00   -1.216e-02   -1.661e-03
    1.233e+00    1.357e-01    0.000e+00    5.319e-15    7.216e-16
    1.237e+00    1.347e-01    0.000e+00    1.178e-02    1.587e-03
    1.240e+00    1.338e-01    0.000e+00    1.877e-02    2.511e-03
    1.243e+00    1.328e-01    0.000e+00    1.849e-02    2.455e-03
    1.247e+00    1.319e-01    0.000e+00    1.125e-02    1.484e-03
    1.250e+00    1.310e-01    0.000e+00   -6.400e-15   -8.383e-16
    1.253e+00    1.301e-01    0.000e+00   -1.093e-02   -1.421e-03
    1.257e+00    1.292e-01    0.000e+00   -1.742e-02   -2.251e-03
    1.260e+00    1.283e-01    0.000e+00   -1.717e-02   -2.203e-03
    1.263e+00    1.274e-01    0.000e+00   -1.046e-02   -1.333e-03
    1.267e+00    1.266e-01    0.000e+00    7.060e-15    8.935e-16
    1.270e+00    1.257e-01    0.000e+00    1.018e-02    1.279e-03
    1.273e+00    1.249e-01    0.000e+00    1.624e-02    2.028e-03
    1.277e+00    1.240e-01    0.000e+00    1.602e-02    1.987e-03
    1.280e+00    1.232e-01    0.000e+00    9.769e-03    1.204e-03
    1.283e+00    1.224e-01    0.000e+00   -7.883e-15   -9.647e-16
    1.287e+00    1.216e-01    0.000e+00   -9.514e-03   -1.157e-03
    1.290e+00    1.208e-01    0.000e+00   -1.520e-02   -1.835e-03
    1.293e+00    1.200e-01    0.000e+00   -1.500e-02   -1.800e-03
    1.297e+00    1.192e-01    0.000e+00   -9.153e-03   -1.091e-03
    1.300e+00    1.184e-01    0.000e+00    8.473e-15    1.003e-15
    1.303e+00    1.177e-01    0.000e+00    8.926e-03    1.050e-03
    1.307e+00    1.169e-01    0.000e+00    1.427e-02    1.668e-03
    1.310e+00    1.162e-01    0.000e+00    1.409e-02    1.637e-03
    1.313e+00    1.154e-01    0.000e+00    8.604e-03    9.930e-04
    1.317e+00    1.147e-01    0.000e+00   -8.992e-15   -1.031e-15
    1.320e+00    1.139e-01    0.000e+00   -8.401e-03   -9.572e-04
    1.323e+00    1.132e-01    0.000e+00   -1.343e-02   -1.521e-03
    1.327e+00    1.125e-01    0.000e+00   -1.328e-02   -1.494e-03
    1.330e+00    1.118e-01    0.000e+00   -8.111e-03   -9.069e-04
    1.333e+00    1.111e-01    0.000e+00    9.435e-15    1.048e-15
    1.337e+00    1.104e-01    0.000e+00    7.928e-03    8.754e-04
    1.340e+00    1.097e-01    0.000e+00    1.268e-02    1.392e-03
    1.343e+00    1.091e-01    0.000e+00    1.254e-02    1.368e-03
    1.347e+00    1.084e-01    0.000e+00    7.666e-03    8.309e-04
    1.350e+00    1.077e-01    0.000e+00   -9.945e-15   -1.071e-15
    1.353e+00    1.071e-01    0.000e+00   -7.500e-03   -8.030e-04
    1.357e+00    1.064e-01    0.000e+00   -1.201e-02   -1.278e-03
    1.360e+00    1.058e-01    0.000e+00   -1.188e-02   -1.256e-03
    1.363e+00    1.051e-01    0.000e+00   -7.263e-03   -7.636e-04
    1.367e+00    1.045e-01    0.000e+00    1.040e-14    1.087e-15
    1.370e+00    1.039e-01    0.000e+00    7.112e-03    7.388e-04
    1.373e+00    1.033e-01    0.000e+00    1.139e-02    1.176e-03
    1.377e+00    1.026e-01    0.000e+00    1.127e-02    1.157e-03
    1.380e+00    1.020e-01    0.000e+00    6.896e-03    7.036e-04
    1.383e+00    1.014e-01    0.000e+00   -1.069e-14   -1.084e-15
    1.387e+00    1.008e-01    0.000e+00   -6.758e-03   -6.815e-04
    1.390e+00    1.002e-01    0.000e+00   -1.083e-02   -1.085e-03
    1.393e+00    9.966e-02    0.000e+00   -1.072e-02   -1.068e-03
    1.397e+00    9.908e-02    0.000e+00   -6.560e-03   -6.500e-04
    1.400e+00    9.851e-02    0.000e+00    1.106e-14    1.089e-15
    1.403e+00    9.794e-02    0.000e+00    6.434e-03    6.301e-04
    1.407e+00    9.738e-02    0.000e+00    1.031e-02    1.004e-03
    1.410e+00    9.682e-02    0.000e+00    1.021e-02    9.887e-04
    1.413e+00    9.626e-02    0.000e+00    6.252e-03    6.019e-04
    1.417e+00    9.571e-02    0.000e+00   -1.109e-14   -1.061e-15
    1.420e+00    9.517e-02    0.000e+00   -6.136e-03   -5.840e-04
    1.423e+00    9.463e-02    0.000e+00   -9.836e-03   -9.309e-04
    1.427e+00    9.410e-02    0.000e+00   -9.746e-03   -9.171e-04
    1.430e+00    9.357e-02    0.000e+00   -5.969e-03   -5.585e-04
    1.433e+00    9.305e-02    0.000e+00    1.140e-14    1.061e-15
    1.437e+00    9.253e-02    0.000e+00    5.861e-03    5.423e-04
    1.440e+00    9.201e-02    0.000e+00    9.399e-03    8.649e-04
    1.443e+00    9.150e-02    0.000e+00    9.316e-03    8.524e-04
    1.447e+00    9.100e-02    0.000e+00    5.707e-03    5.193e-04
    1.450e+00    9.050e-02    0.000e+00   -1.156e-14   -1.046e-15
    1.453e+00    9.000e-02    0.000e+00   -5.608e-03   -5.047e-04
    1.457e+00    8.951e-02    0.000e+00   -8.995e-03   -8.051e-04
    1.460e+00    8.902e-02    0.000e+00   -8.917e-03   -7.938e-04
    1.463e+00    8.854e-02    0.000e+00   -5.464e-03   -4.838e-04
    1.467e+00    8.806e-02    0.000e+00    1.182e-14    1.041e-15
    1.470e+00    8.758e-02    0.000e+00    5.372e-03    4.705e-04
    1.473e+00    8.711e-02    0.000e+00    8.620e-03    7.508e-04
    1.477e+00    8.664e-02    0.000e+00    8.548e-03    7.406e-04
    1.480e+00    8.618e-02    0.000e+00    5.239e-03    4.515e-04
    1.483e+00    8.572e-02    0.000e+00   -1.194e-14   -1.023e-15
    1.487e+00    8.526e-02    0.000e+00   -5.153e-03   -4.394e-04
    1.490e+00    8.481e-02    0.000e+00   -8.271e-03   -7.014e-04
    1.493e+00    8.436e-02    0.000e+00   -8.204e-03   -6.921e-04
    1.497e+00    8.392e-02    0.000e+00   -5.029e-03   -4.221e-04
    1.500e+00    8.348e-02    0.000e+00    1.215e-14    1.015e-15
    1.503e+00    8.304e-02    0.000e+00    4.950e-03    4.110e-04
    1.507e+00    8.261e-02    0.000e+00    7.945e-03    6.564e-04
    1.510e+00    8.218e-02    0.000e+00    7.883e-03    6.478e-04
    1.513e+00    8.175e-02    0.000e+00    4.834e-03    3.952e-04
    1.517e+00    8.133e-02    0.000e+00   -1.209e-14   -9.831e-16
    1.520e+00    8.091e-02    0.000e+00   -4.759e-03   -3.851e-04
    1.523e+00    8.050e-02    0.000e+00   -7.642e-03   -6.151e-04
    1.527e+00    8.008e-02    0.000e+00   -7.583e-03   -6.073e-04
    1.530e+00    7.968e-02    0.000e+00   -4.651e-03   -3.706e-04
    1.533e+00    7.927e-02    0.000e+00    1.228e-14    9.731e-16
    1.537e+00    7.887e-02    0.000e+00    4.581e-03    3.613e-04
    1.540e+00    7.847e-02    0.000e+00    7.357e-03    5.773e-04
    1.543e+00    7.807e-02    0.000e+00    7.302e-03    5.701e-04
    1.547e+00    7.768e-02    0.000e+00    4.480e-03    3.480e-04
    1.550e+00    7.729e-02    0.000e+00   -1.233e-14   -9.531e-16
    1.553e+00    7.690e-02    0.000e+00   -4.414e-03   -3.395e-04
    1.557e+00    7.652e-02    0.000e+00   -7.090e-03   -5.425e-04
    1.560e+00    7.614e-02    0.000e+00   -7.039e-03   -5.359e-04
    1.563e+00    7.576e-02    0.000e+00   -4.319e-03   -3.272e-04
    1.567e+00    7.539e-02    0.000e+00    1.249e-14    9.417e-16
    1.570e+00    7.502e-02    0.000e+00    4.257e-03    3.194e-04
    1.573e+00    7.465e-02    0.000e+00    6.840e-03    5.106e-04
    1.577e+00    7.428e-02    0.000e+00    6.791e-03    5.045e-04
    1.580e+00    7.392e-02    0.000e+00    4.168e-03    3.081e-04
    1.583e+00    7.356e-02    0.000e+00   -1.264e-14   -9.298e-16
    1.587e+00    7.320e-02    0.000e+00   -4.110e-03   -3.008e-04
    1.590e+00    7.284e-02    0.000e+00   -6.604e-03   -4.810e-04
    1.593e+00    7.249e-02    0.000e+00   -6.558e-03   -4.754e-04
    1.597e+00    7.214e-02    0.000e+00   -4.025e-03   -2.904e-04
    1.600e+00    7.180e-02    0.000e+00    1.266e-14    9.091e-16
    1.603e+00    7.145e-02    0.000e+00    3.971e-03    2.837e-04
    1.607e+00    7.111e-02    0.000e+00    6.381e-03    4.538e-04
    1.610e+00    7.077e-02    0.000e+00    6.338e-03    4.486e-04
    1.613e+00    7.044e-02    0.000e+00    3.891e-03    2.741e-04
    1.617e+00    7.010e-02    0.000e+00   -1.279e-14   -8.966e-16
    1.620e+00    6.977e-02    0.000e+00   -3.839e-03   -2.679e-04
    1.623e+00    6.944e-02    0.000e+00   -6.171e-03   -4.285e-04
    1.627e+00    6.911e-02    0.000e+00   -6.130e-03   -4.237e-04
    1.630e+00    6.879e-02    0.000e+00   -3.764e-03   -2.589e-04
    1.633e+00    6.847e-02    0.000e+00    1.267e-14    8.678e-16
    1.637e+00    6.815e-02    0.000e+00    3.715e-03    2.532e-04
    1.640e+00    6.783e-02    0.000e+00    5.972e-03    4.051e-04
    1.643e+00    6.752e-02    0.000e+00    5.934e-03    4.007e-04
    1.647e+00    6.721e-02    0.000e+00    3.644e-03    2.449e-04
    1.650e+00    6.690e-02    0.000e+00   -1.279e-14   -8.554e-16
    1.653e+00    6.659e-02    0.000e+00   -3.598e-03   -2.396e-04
    1.657e+00    6.628e-02    0.000e+00   -5.784e-03   -3.834e-04
    1.660e+00    6.598e-02    0.000e+00   -5.748e-03   -3.792e-04
    1.663e+00    6.568e-02    0.000e+00   -3.530e-03   -2.318e-04
    1.667e+00    6.538e-02    0.000e+00    1.278e-14    8.354e-16
    1.670e+00    6.508e-02    0.000e+00    3.486e-03    2.269e-04
    1.673e+00    6.479e-02    0.000e+00    5.606e-03    3.632e-04
    1.677e+00    6.449e-02    0.000e+00    5.571e-03    3.593e-04
    1.680e+00    6.420e-02    0.000e+00    3.422e-03    2.197e-04
    1.683e+00    6.391e-02    0.000e+00   -1.299e-14   -8.301e-16
    1.687e+00    6.363e-02    0.000e+00   -3.381e-03   -2.151e-04
    1.690e+00    6.334e-02    0.000e+00   -5.437e-03   -3.444e-04
    1.693e+00    6.306e-02    0.000e+00   -5.404e-03   -3.408e-04
    1.697e+00    6.278e-02    0.000e+00   -3.320e-03   -2.084e-04
    1.700e+00    6.250e-02    0.000e+00    1.275e-14    7.968e-16
    1.703e+00    6.222e-02    0.000e+00    3.280e-03    2.041e-04
    1.707e+00    6.195e-02    0.000e+00    5.276e-03    3.268e-04
    1.710e+00    6.168e-02    0.000e+00    5.245e-03    3.235e-04
    1.713e+00    6.140e-02    0.000e+00    3.222e-03    1.979e-04
    1.717e+00    6.113e-02    0.000e+00   -1.284e-14   -7.848e-16
    1.720e+00    6.087e-02    0.000e+00   -3.185e-03   -1.938e-04
    1.723e+00    6.060e-02    0.000e+00   -5.123e-03   -3.104e-04
    1.727e+00    6.034e-02    0.000e+00   -5.093e-03   -3.073e-04
    1.730e+00    6.008e-02    0.000e+00   -3.129e-03   -1.880e-04
    1.733e+00    5.982e-02    0.000e+00    1.281e-14    7.661e-16
    1.737e+00    5.956e-02    0.000e+00    3.094e-03    1.842e-04
    1.740e+00    5.930e-02    0.000e+00    4.977e-03    2.951e-04
    1.743e+00    5.905e-02    0.000e+00    4.948e-03    2.922e-04
    1.747e+00    5.879e-02    0.000e+00    3.041e-03    1.788e-04
    1.750e+00    5.854e-02    0.000e+00   -1.278e-14   -7.479e-16
    1.753e+00    5.829e-02    0.000e+00   -3.007e-03   -1.753e-04
    1.757e+00    5.804e-02    0.000e+00   -4.838e-03   -2.808e-04
    1.760e+00    5.780e-02    0.000e+00   -4.811e-03   -2.780e-04
    1.763e+00    5.755e-02    0.000e+00   -2.957e-03   -1.702e-04
    1.767e+00    5.731e-02    0.000e+00    1.296e-14    7.425e-16
    1.770e+00    5.707e-02    0.000e+00    2.924e-03    1.669e-04
    1.773e+00    5.683e-02    0.000e+00    4.705e-03    2.674e-04
    1.777e+00    5.659e-02    0.000e+00    4.679e-03    2.648e-04
    1.780e+00    5.635e-02    0.000e+00    2.876e-03    1.621e-04
    1.783e+00    5.611e-02    0.000e+00   -1.292e-14   -7.247e-16
    1.787e+00    5.588e-02    0.000e+00   -2.845e-03   -1.590e-04
    1.790e+00    5.565e-02    0.000e+00   -4.578e-03   -2.548e-04
    1.793e+00    5.542e-02    0.000e+00   -4.554e-03   -2.523e-04
    1.797e+00    5.519e-02    0.000e+00   -2.799e-03   -1.545e-04
    1.800e+00    5.496e-02    0.000e+00    1.287e-14    7.074e-16
    1.803e+00    5.473e-02    0.000e+00    2.769e-03    1.516e-04
    1.807e+00    5.451e-02    0.000e+00    4.457e-03    2.429e-04
    1.810e+00    5.428e-02    0.000e+00    4.433e-03    2.407e-04
    1.813e+00    5.406e-02    0.000e+00    2.726e-03    1.474e-04
    1.817e+00    5.384e-02    0.000e+00   -1.304e-14   -7.019e-16
    1.820e+00    5.362e-02    0.000e+00   -2.697e-03   -1.446e-04
    1.823e+00    5.340e-02    0.000e+00   -4.341e-03   -2.318e-04
    1.827e+00    5.319e-02    0.000e+00   -4.318e-03   -2.297e-04
    1.830e+00    5.297e-02    0.000e+00   -2.655e-03   -1.406e-04
    1.833e+00    5.276e-02    0.000e+00    1.298e-14    6.851e-16
    1.837e+00    5.255e-02    0.000e+00    2.628e-03    1.381e-04
    1.840e+00    5.234e-02    0.000e+00    4.230e-03    2.214e-04
    1.843e+00    5.213e-02    0.000e+00    4.208e-03    2.194e-04
    1.847e+00    5.192e-02    0.000e+00    2.588e-03    1.343e-04
    1.850e+00    5.171e-02    0.000e+00   -1.293e-14   -6.686e-16
    1.853e+00    5.150e-02    0.000e+00   -2.561e-03   -1.319e-04
    1.857e+00    5.130e-02    0.000e+00   -4.123e-03   -2.115e-04
    1.860e+00    5.109e-02    0.000e+00   -4.103e-03   -2.096e-04
    1.863e+00    5.089e-02    0.000e+00   -2.523e-03   -1.284e-04
    1.867e+00    5.069e-02    0.000e+00    1.287e-14    6.526e-16
    1.870e+00    5.049e-02    0.000e+00    2.498e-03    1.261e-04
    1.873e+00    5.029e-02    0.000e+00    4.021e-03    2.022e-04
    1.877e+00    5.010e-02    0.000e+00    4.001e-03    2.005e-04
    1.880e+00    4.990e-02    0.000e+00    2.461e-03    1.228e-04
    1.883e+00    4.971e-02    0.000e+00   -1.303e-14   -6.474e-16
    1.887e+00    4.951e-02    0.000e+00   -2.437e-03   -1.206e-04
    1.890e+00    4.932e-02    0.000e+00   -3.923e-03   -1.935e-04
    1.893e+00    4.913e-02    0.000e+00   -3.904e-03   -1.918e-04
    1.897e+00    4.894e-02    0.000e+00   -2.401e-03   -1.175e-04
    1.900e+00    4.875e-02    0.000e+00    1.296e-14    6.320e-16
    1.903e+00    4.856e-02    0.000e+00    2.378e-03    1.155e-04
    1.907e+00    4.837e-02    0.000e+00    3.829e-03    1.852e-04
    1.910e+00    4.819e-02    0.000e+00    3.811e-03    1.836e-04
    1.913e+00    4.800e-02    0.000e+00    2.344e-03    1.125e-04
    1.917e+00    4.782e-02    0.000e+00   -1.290e-14   -6.169e-16
    1.920e+00    4.764e-02    0.000e+00   -2.322e-03   -1.106e-04
    1.923e+00    4.745e-02    0.000e+00   -3.739e-03   -1.774e-04
    1.927e+00    4.727e-02    0.000e+00   -3.721e-03   -1.759e-04
    1.930e+00    4.710e-02    0.000e+00   -2.289e-03   -1.078e-04
    1.933e+00    4.692e-02    0.000e+00    1.267e-14    5.947e-16
    1.937e+00    4.674e-02    0.000e+00    2.267e-03    1.060e-04
    1.940e+00    4.656e-02    0.000e+00    3.651e-03    1.700e-04
    1.943e+00    4.639e-02    0.000e+00    3.634e-03    1.686e-04
    1.947e+00    4.621e-02    0.000e+00    2.236e-03    1.033e-04
    1.950e+00    4.604e-02    0.000e+00   -1.282e-14   -5.901e-16
    1.953e+00    4.587e-02    0.000e+00   -2.215e-03   -1.016e-04
    1.957e+00    4.570e-02    0.000e+00   -3.568e-03   -1.630e-04
    1.960e+00    4.553e-02    0.000e+00   -3.551e-03   -1.617e-04
    1.963e+00    4.536e-02    0.000e+00   -2.185e-03   -9.910e-05
    1.967e+00    4.519e-02    0.000e+00    1.275e-14    5.762e-16
    1.970e+00    4.502e-02    0.000e+00    2.165e-03    9.747e-05
    1.973e+00    4.486e-02    0.000e+00    3.487e-03    1.564e-04
    1.977e+00    4.469e-02    0.000e+00    3.471e-03    1.551e-04
    1.980e+00    4.453e-02    0.000e+00    2.136e-03    9.509e-05
    1.983e+00    4.436e-02    0.000e+00   -1.268e-14   -5.627e-16
    1.987e+00    4.420e-02    0.000e+00   -2.116e-03   -9.355e-05
    1.990e+00    4.404e-02    0.000e+00   -3.409e-03   -1.501e-04
    1.993e+00    4.388e-02    0.000e+00   -3.394e-03   -1.489e-04
    1.997e+00    4.372e-02    0.000e+00   -2.088e-03   -9.129e-05
