 0.000e+00 1.973e-12
 2.000e-02 8.732e-14
 4.000e-02 1.912e-11
 6.000e-02 2.243e-10
 8.000e-02 1.173e-09
 1.000e-01 4.231e-09
 1.200e-01 1.213e-08
 1.400e-01 2.959e-08
 1.600e-01 6.386e-08
 1.800e-01 1.251e-07
 2.000e-01 2.265e-07
 2.200e-01 3.843e-07
 2.400e-01 6.169e-07
 2.600e-01 9.448e-07
 2.800e-01 1.389e-06
 3.000e-01 1.972e-06
 3.200e-01 2.712e-06
 3.400e-01 3.625e-06
 3.600e-01 4.722e-06
 3.800e-01 6.008e-06
 4.000e-01 7.478e-06
 4.200e-01 9.117e-06
 4.400e-01 1.090e-05
 4.600e-01 1.279e-05
 4.800e-01 1.475e-05
 5.000e-01 1.673e-05
 5.200e-01 1.866e-05
 5.400e-01 2.047e-05
 5.600e-01 2.212e-05
 5.800e-01 2.352e-05
 6.000e-01 2.463e-05
 6.200e-01 2.537e-05
 6.400e-01 2.572e-05
 6.600e-01 2.565e-05
 6.800e-01 2.513e-05
 7.000e-01 2.418e-05
 7.200e-01 2.282e-05
 7.400e-01 2.108e-05
 7.600e-01 1.903e-05
 7.800e-01 1.675e-05
 8.000e-01 1.430e-05
 8.200e-01 1.179e-05
 8.400e-01 9.319e-06
 8.600e-01 6.976e-06
 8.800e-01 4.858e-06
 9.000e-01 3.048e-06
 9.200e-01 1.618e-06
 9.400e-01 6.202e-07
 9.600e-01 8.903e-08
 9.800e-01 3.603e-08
 1.000e+00 4.506e-07
 1.020e+00 1.300e-06
 1.040e+00 2.532e-06
 1.060e+00 4.074e-06
 1.080e+00 5.842e-06
 1.100e+00 7.739e-06
 1.120e+00 9.663e-06
 1.140e+00 1.151e-05
 1.160e+00 1.319e-05
 1.180e+00 1.461e-05
 1.200e+00 1.571e-05
 1.220e+00 1.641e-05
 1.240e+00 1.670e-05
 1.260e+00 1.655e-05
 1.280e+00 1.598e-05
 1.300e+00 1.502e-05
 1.320e+00 1.373e-05
 1.340e+00 1.217e-05
 1.360e+00 1.042e-05
 1.380e+00 8.570e-06
 1.400e+00 6.720e-06
 1.420e+00 4.959e-06
 1.440e+00 3.373e-06
 1.460e+00 2.036e-06
 1.480e+00 1.008e-06
 1.500e+00 3.284e-07
 1.520e+00 1.978e-08
 1.540e+00 8.258e-08
 1.560e+00 4.971e-07
 1.580e+00 1.225e-06
 1.600e+00 2.211e-06
 1.620e+00 3.387e-06
 1.640e+00 4.677e-06
 1.660e+00 5.998e-06
 1.680e+00 7.271e-06
 1.700e+00 8.419e-06
 1.720e+00 9.374e-06
 1.740e+00 1.008e-05
 1.760e+00 1.051e-05
 1.780e+00 1.063e-05
 1.800e+00 1.044e-05
 1.820e+00 9.950e-06
 1.840e+00 9.202e-06
 1.860e+00 8.236e-06
 1.880e+00 7.110e-06
 1.900e+00 5.891e-06
 1.920e+00 4.646e-06
 1.940e+00 3.446e-06
 1.960e+00 2.354e-06
 1.980e+00 1.427e-06
 2.000e+00 7.098e-07
 2.020e+00 2.338e-07
 2.040e+00 1.515e-08
 2.060e+00 5.442e-08
 2.080e+00 3.367e-07
 2.100e+00 8.327e-07
 2.120e+00 1.502e-06
 2.140e+00 2.292e-06
 2.160e+00 3.149e-06
 2.180e+00 4.013e-06
 2.200e+00 4.826e-06
 2.220e+00 5.536e-06
 2.240e+00 6.099e-06
 2.260e+00 6.479e-06
 2.280e+00 6.655e-06
 2.300e+00 6.618e-06
 2.320e+00 6.374e-06
 2.340e+00 5.939e-06
 2.360e+00 5.343e-06
 2.380e+00 4.626e-06
 2.400e+00 3.833e-06
 2.420e+00 3.014e-06
 2.440e+00 2.218e-06
 2.460e+00 1.493e-06
 2.480e+00 8.806e-07
 2.500e+00 4.141e-07
 2.520e+00 1.170e-07
 2.540e+00 1.531e-09
 2.560e+00 6.784e-08
 2.580e+00 3.045e-07
 2.600e+00 6.894e-07
 2.620e+00 1.191e-06
 2.640e+00 1.772e-06
 2.660e+00 2.389e-06
 2.680e+00 2.998e-06
 2.700e+00 3.558e-06
 2.720e+00 4.030e-06
 2.740e+00 4.383e-06
 2.760e+00 4.593e-06
 2.780e+00 4.647e-06
 2.800e+00 4.544e-06
 2.820e+00 4.291e-06
 2.840e+00 3.906e-06
 2.860e+00 3.416e-06
 2.880e+00 2.855e-06
 2.900e+00 2.259e-06
 2.920e+00 1.669e-06
 2.940e+00 1.124e-06
 2.960e+00 6.585e-07
 2.980e+00 3.029e-07
 3.000e+00 7.909e-08
 3.020e+00 7.418e-11
 3.040e+00 6.911e-08
 3.060e+00 2.795e-07
 3.080e+00 6.152e-07
 3.100e+00 1.052e-06
 3.120e+00 1.558e-06
 3.140e+00 2.099e-06
 3.160e+00 2.637e-06
 3.180e+00 3.134e-06
 3.200e+00 3.557e-06
 3.220e+00 3.877e-06
 3.240e+00 4.072e-06
 3.260e+00 4.128e-06
 3.280e+00 4.043e-06
 3.300e+00 3.822e-06
 3.320e+00 3.480e-06
 3.340e+00 3.041e-06
 3.360e+00 2.534e-06
 3.380e+00 1.994e-06
 3.400e+00 1.459e-06
 3.420e+00 9.650e-07
 3.440e+00 5.467e-07
 3.460e+00 2.333e-07
 3.480e+00 4.736e-08
 3.500e+00 2.753e-09
 3.520e+00 1.041e-07
 3.540e+00 3.464e-07
 3.560e+00 7.150e-07
 3.580e+00 1.187e-06
 3.600e+00 1.732e-06
 3.620e+00 2.315e-06
 3.640e+00 2.899e-06
 3.660e+00 3.444e-06
 3.680e+00 3.915e-06
 3.700e+00 4.280e-06
 3.720e+00 4.516e-06
 3.740e+00 4.606e-06
 3.760e+00 4.543e-06
 3.780e+00 4.332e-06
 3.800e+00 3.985e-06
 3.820e+00 3.525e-06
 3.840e+00 2.982e-06
 3.860e+00 2.392e-06
 3.880e+00 1.794e-06
 3.900e+00 1.230e-06
 3.920e+00 7.377e-07
 3.940e+00 3.514e-07
 3.960e+00 9.936e-08
 3.980e+00 9.323e-10
 4.000e+00 6.586e-08
 4.020e+00 2.934e-07
 4.040e+00 6.722e-07
 4.060e+00 1.181e-06
 4.080e+00 1.790e-06
 4.100e+00 2.463e-06
 4.120e+00 3.157e-06
 4.140e+00 3.831e-06
 4.160e+00 4.442e-06
 4.180e+00 4.950e-06
 4.200e+00 5.324e-06
 4.220e+00 5.539e-06
 4.240e+00 5.581e-06
 4.260e+00 5.446e-06
 4.280e+00 5.141e-06
 4.300e+00 4.686e-06
 4.320e+00 4.108e-06
 4.340e+00 3.445e-06
 4.360e+00 2.737e-06
 4.380e+00 2.032e-06
 4.400e+00 1.375e-06
 4.420e+00 8.091e-07
 4.440e+00 3.727e-07
 4.460e+00 9.617e-08
 4.480e+00 9.226e-12
 4.500e+00 9.360e-08
 4.520e+00 3.745e-07
 4.540e+00 8.285e-07
 4.560e+00 1.430e-06
 4.580e+00 2.145e-06
 4.600e+00 2.931e-06
 4.620e+00 3.740e-06
 4.640e+00 4.524e-06
 4.660e+00 5.234e-06
 4.680e+00 5.827e-06
 4.700e+00 6.266e-06
 4.720e+00 6.523e-06
 4.740e+00 6.582e-06
 4.760e+00 6.438e-06
 4.780e+00 6.099e-06
 4.800e+00 5.586e-06
 4.820e+00 4.929e-06
 4.840e+00 4.170e-06
 4.860e+00 3.355e-06
 4.880e+00 2.534e-06
 4.900e+00 1.760e-06
 4.920e+00 1.082e-06
 4.940e+00 5.420e-07
 4.960e+00 1.764e-07
 4.980e+00 9.235e-09
 5.000e+00 5.308e-08
 5.020e+00 3.074e-07
 5.040e+00 7.588e-07
 5.060e+00 1.381e-06
 5.080e+00 2.139e-06
 5.100e+00 2.987e-06
 5.120e+00 3.873e-06
 5.140e+00 4.746e-06
 5.160e+00 5.551e-06
 5.180e+00 6.239e-06
 5.200e+00 6.770e-06
 5.220e+00 7.109e-06
 5.240e+00 7.236e-06
 5.260e+00 7.143e-06
 5.280e+00 6.835e-06
 5.300e+00 6.330e-06
 5.320e+00 5.660e-06
 5.340e+00 4.864e-06
 5.360e+00 3.991e-06
 5.380e+00 3.095e-06
 5.400e+00 2.231e-06
 5.420e+00 1.451e-06
 5.440e+00 8.048e-07
 5.460e+00 3.312e-07
 5.480e+00 5.989e-08
 5.500e+00 8.107e-09
 5.520e+00 1.795e-07
 5.540e+00 5.642e-07
 5.560e+00 1.139e-06
 5.580e+00 1.869e-06
 5.600e+00 2.711e-06
 5.620e+00 3.613e-06
 5.640e+00 4.519e-06
 5.660e+00 5.376e-06
 5.680e+00 6.130e-06
 5.700e+00 6.736e-06
 5.720e+00 7.156e-06
 5.740e+00 7.365e-06
 5.760e+00 7.350e-06
 5.780e+00 7.113e-06
 5.800e+00 6.667e-06
 5.820e+00 6.040e-06
 5.840e+00 5.271e-06
 5.860e+00 4.405e-06
 5.880e+00 3.497e-06
 5.900e+00 2.600e-06
 5.920e+00 1.771e-06
 5.940e+00 1.059e-06
 5.960e+00 5.064e-07
 5.980e+00 1.473e-07
 6.000e+00 2.554e-09
 6.020e+00 8.011e-08
 6.040e+00 3.743e-07
 6.060e+00 8.661e-07
 6.080e+00 1.524e-06
 6.100e+00 2.308e-06
 6.120e+00 3.168e-06
 6.140e+00 4.052e-06
 6.160e+00 4.903e-06
 6.180e+00 5.671e-06
 6.200e+00 6.307e-06
 6.220e+00 6.772e-06
 6.240e+00 7.039e-06
 6.260e+00 7.090e-06
 6.280e+00 6.924e-06
 6.300e+00 6.551e-06
 6.320e+00 5.993e-06
 6.340e+00 5.287e-06
 6.360e+00 4.474e-06
 6.380e+00 3.606e-06
 6.400e+00 2.735e-06
 6.420e+00 1.914e-06
 6.440e+00 1.194e-06
 6.460e+00 6.174e-07
 6.480e+00 2.184e-07
 6.500e+00 2.033e-08
 6.520e+00 3.367e-08
 6.540e+00 2.558e-07
 6.560e+00 6.714e-07
 6.580e+00 1.253e-06
 6.600e+00 1.963e-06
 6.620e+00 2.755e-06
 6.640e+00 3.581e-06
 6.660e+00 4.387e-06
 6.680e+00 5.123e-06
 6.700e+00 5.743e-06
 6.720e+00 6.208e-06
 6.740e+00 6.491e-06
 6.760e+00 6.572e-06
 6.780e+00 6.449e-06
 6.800e+00 6.129e-06
 6.820e+00 5.632e-06
 6.840e+00 4.990e-06
 6.860e+00 4.243e-06
 6.880e+00 3.438e-06
 6.900e+00 2.624e-06
 6.920e+00 1.852e-06
 6.940e+00 1.169e-06
 6.960e+00 6.170e-07
 6.980e+00 2.288e-07
 7.000e+00 2.706e-08
 7.020e+00 2.277e-08
 7.040e+00 2.144e-07
 7.060e+00 5.880e-07
 7.080e+00 1.119e-06
 7.100e+00 1.771e-06
 7.120e+00 2.504e-06
 7.140e+00 3.268e-06
 7.160e+00 4.017e-06
 7.180e+00 4.701e-06
 7.200e+00 5.277e-06
 7.220e+00 5.710e-06
 7.240e+00 5.972e-06
 7.260e+00 6.046e-06
 7.280e+00 5.929e-06
 7.300e+00 5.629e-06
 7.320e+00 5.164e-06
 7.340e+00 4.564e-06
 7.360e+00 3.868e-06
 7.380e+00 3.119e-06
 7.400e+00 2.365e-06
 7.420e+00 1.653e-06
 7.440e+00 1.027e-06
 7.460e+00 5.270e-07
 7.480e+00 1.827e-07
 7.500e+00 1.505e-08
 7.520e+00 3.361e-08
 7.540e+00 2.359e-07
 7.560e+00 6.080e-07
 7.580e+00 1.125e-06
 7.600e+00 1.753e-06
 7.620e+00 2.452e-06
 7.640e+00 3.175e-06
 7.660e+00 3.878e-06
 7.680e+00 4.513e-06
 7.700e+00 5.042e-06
 7.720e+00 5.430e-06
 7.740e+00 5.652e-06
 7.760e+00 5.695e-06
 7.780e+00 5.556e-06
 7.800e+00 5.244e-06
 7.820e+00 4.779e-06
 7.840e+00 4.191e-06
 7.860e+00 3.518e-06
 7.880e+00 2.803e-06
 7.900e+00 2.090e-06
 7.920e+00 1.427e-06
 7.940e+00 8.541e-07
 7.960e+00 4.086e-07
 7.980e+00 1.184e-07
 8.000e+00 1.917e-09
 8.020e+00 6.612e-08
 8.040e+00 3.066e-07
 8.060e+00 7.079e-07
 8.080e+00 1.244e-06
 8.100e+00 1.880e-06
 8.120e+00 2.576e-06
 8.140e+00 3.287e-06
 8.160e+00 3.967e-06
 8.180e+00 4.572e-06
 8.200e+00 5.065e-06
 8.220e+00 5.413e-06
 8.240e+00 5.594e-06
 8.260e+00 5.597e-06
 8.280e+00 5.421e-06
 8.300e+00 5.078e-06
 8.320e+00 4.589e-06
 8.340e+00 3.986e-06
 8.360e+00 3.307e-06
 8.380e+00 2.596e-06
 8.400e+00 1.899e-06
 8.420e+00 1.260e-06
 8.440e+00 7.199e-07
 8.460e+00 3.144e-07
 8.480e+00 6.956e-08
 8.500e+00 1.427e-09
 8.520e+00 1.149e-07
 8.540e+00 4.033e-07
 8.560e+00 8.489e-07
 8.580e+00 1.424e-06
 8.600e+00 2.091e-06
 8.620e+00 2.810e-06
 8.640e+00 3.534e-06
 8.660e+00 4.218e-06
 8.680e+00 4.817e-06
 8.700e+00 5.295e-06
 8.720e+00 5.619e-06
 8.740e+00 5.770e-06
 8.760e+00 5.738e-06
 8.780e+00 5.525e-06
 8.800e+00 5.143e-06
 8.820e+00 4.618e-06
 8.840e+00 3.982e-06
 8.860e+00 3.275e-06
 8.880e+00 2.544e-06
 8.900e+00 1.834e-06
 8.920e+00 1.191e-06
 8.940e+00 6.577e-07
 8.960e+00 2.672e-07
 8.980e+00 4.586e-08
 9.000e+00 8.581e-09
 9.020e+00 1.588e-07
 9.040e+00 4.882e-07
 9.060e+00 9.768e-07
 9.080e+00 1.595e-06
 9.100e+00 2.304e-06
 9.120e+00 3.060e-06
 9.140e+00 3.815e-06
 9.160e+00 4.523e-06
 9.180e+00 5.139e-06
 9.200e+00 5.624e-06
 9.220e+00 5.946e-06
 9.240e+00 6.087e-06
 9.260e+00 6.036e-06
 9.280e+00 5.796e-06
 9.300e+00 5.383e-06
 9.320e+00 4.821e-06
 9.340e+00 4.147e-06
 9.360e+00 3.403e-06
 9.380e+00 2.635e-06
 9.400e+00 1.893e-06
 9.420e+00 1.224e-06
 9.440e+00 6.706e-07
 9.460e+00 2.682e-07
 9.480e+00 4.332e-08
 9.500e+00 1.113e-08
 9.520e+00 1.748e-07
 9.540e+00 5.252e-07
 9.560e+00 1.041e-06
 9.580e+00 1.692e-06
 9.600e+00 2.437e-06
 9.620e+00 3.231e-06
 9.640e+00 4.024e-06
 9.660e+00 4.767e-06
 9.680e+00 5.413e-06
 9.700e+00 5.923e-06
 9.720e+00 6.264e-06
 9.740e+00 6.414e-06
 9.760e+00 6.365e-06
 9.780e+00 6.119e-06
 9.800e+00 5.691e-06
 9.820e+00 5.107e-06
 9.840e+00 4.404e-06
 9.860e+00 3.626e-06
 9.880e+00 2.822e-06
 9.900e+00 2.041e-06
 9.920e+00 1.334e-06
 9.940e+00 7.441e-07
 9.960e+00 3.097e-07
 9.980e+00 5.821e-08
 1.000e+01 6.106e-09
 1.002e+01 1.574e-07
 1.004e+01 5.034e-07
 1.006e+01 1.023e-06
 1.008e+01 1.685e-06
 1.010e+01 2.449e-06
 1.012e+01 3.267e-06
 1.014e+01 4.089e-06
 1.016e+01 4.863e-06
 1.018e+01 5.543e-06
 1.020e+01 6.085e-06
 1.022e+01 6.456e-06
 1.024e+01 6.632e-06
 1.026e+01 6.603e-06
 1.028e+01 6.370e-06
 1.030e+01 5.948e-06
 1.032e+01 5.363e-06
 1.034e+01 4.651e-06
 1.036e+01 3.855e-06
 1.038e+01 3.027e-06
 1.040e+01 2.217e-06
 1.042e+01 1.475e-06
 1.044e+01 8.488e-07
 1.046e+01 3.764e-07
 1.048e+01 8.767e-08
 1.050e+01 6.785e-10
 1.052e+01 1.210e-07
 1.054e+01 4.414e-07
 1.056e+01 9.421e-07
 1.058e+01 1.592e-06
 1.060e+01 2.351e-06
 1.062e+01 3.172e-06
 1.064e+01 4.004e-06
 1.066e+01 4.796e-06
 1.068e+01 5.497e-06
 1.070e+01 6.066e-06
 1.072e+01 6.465e-06
 1.074e+01 6.671e-06
 1.076e+01 6.671e-06
 1.078e+01 6.465e-06
 1.080e+01 6.066e-06
 1.082e+01 5.498e-06
 1.084e+01 4.796e-06
 1.086e+01 4.005e-06
 1.088e+01 3.174e-06
 1.090e+01 2.353e-06
 1.092e+01 1.594e-06
 1.094e+01 9.445e-07
 1.096e+01 4.436e-07
 1.098e+01 1.225e-07
 1.100e+01 8.234e-10
 1.102e+01 8.576e-08
 1.104e+01 3.716e-07
 1.106e+01 8.403e-07
 1.108e+01 1.462e-06
 1.110e+01 2.198e-06
 1.112e+01 3.002e-06
 1.114e+01 3.824e-06
 1.116e+01 4.613e-06
 1.118e+01 5.318e-06
 1.120e+01 5.897e-06
 1.122e+01 6.313e-06
 1.124e+01 6.541e-06
 1.126e+01 6.566e-06
 1.128e+01 6.387e-06
 1.130e+01 6.015e-06
 1.132e+01 5.474e-06
 1.134e+01 4.798e-06
 1.136e+01 4.028e-06
 1.138e+01 3.212e-06
 1.140e+01 2.402e-06
 1.142e+01 1.647e-06
 1.144e+01 9.944e-07
 1.146e+01 4.840e-07
 1.148e+01 1.472e-07
 1.150e+01 4.364e-09
 1.152e+01 6.361e-08
 1.154e+01 3.205e-07
 1.156e+01 7.583e-07
 1.158e+01 1.349e-06
 1.160e+01 2.055e-06
 1.162e+01 2.831e-06
 1.164e+01 3.629e-06
 1.166e+01 4.398e-06
 1.168e+01 5.091e-06
 1.170e+01 5.663e-06
 1.172e+01 6.078e-06
 1.174e+01 6.312e-06
 1.176e+01 6.349e-06
 1.178e+01 6.188e-06
 1.180e+01 5.838e-06
 1.182e+01 5.322e-06
 1.184e+01 4.673e-06
 1.186e+01 3.930e-06
 1.188e+01 3.141e-06
 1.190e+01 2.354e-06
 1.192e+01 1.620e-06
 1.194e+01 9.827e-07
 1.196e+01 4.826e-07
 1.198e+01 1.502e-07
 1.200e+01 5.588e-09
 1.202e+01 5.704e-08
 1.204e+01 3.005e-07
 1.206e+01 7.200e-07
 1.208e+01 1.288e-06
 1.210e+01 1.969e-06
 1.212e+01 2.719e-06
 1.214e+01 3.491e-06
 1.216e+01 4.235e-06
 1.218e+01 4.904e-06
 1.220e+01 5.457e-06
 1.222e+01 5.858e-06
 1.224e+01 6.083e-06
 1.226e+01 6.117e-06
 1.228e+01 5.958e-06
 1.230e+01 5.617e-06
 1.232e+01 5.115e-06
 1.234e+01 4.484e-06
 1.236e+01 3.764e-06
 1.238e+01 3.001e-06
 1.240e+01 2.241e-06
 1.242e+01 1.533e-06
 1.244e+01 9.219e-07
 1.246e+01 4.451e-07
 1.248e+01 1.324e-07
 1.250e+01 3.034e-09
 1.252e+01 6.465e-08
 1.254e+01 3.128e-07
 1.256e+01 7.313e-07
 1.258e+01 1.293e-06
 1.260e+01 1.962e-06
 1.262e+01 2.697e-06
 1.264e+01 3.449e-06
 1.266e+01 4.171e-06
 1.268e+01 4.818e-06
 1.270e+01 5.348e-06
 1.272e+01 5.728e-06
 1.274e+01 5.934e-06
 1.276e+01 5.953e-06
 1.278e+01 5.784e-06
 1.280e+01 5.438e-06
 1.282e+01 4.936e-06
 1.284e+01 4.310e-06
 1.286e+01 3.601e-06
 1.288e+01 2.853e-06
 1.290e+01 2.113e-06
 1.292e+01 1.429e-06
 1.294e+01 8.426e-07
 1.296e+01 3.919e-07
 1.298e+01 1.051e-07
 1.300e+01 3.038e-10
 1.302e+01 8.387e-08
 1.304e+01 3.504e-07
 1.306e+01 7.830e-07
 1.308e+01 1.354e-06
 1.310e+01 2.027e-06
 1.312e+01 2.760e-06
 1.314e+01 3.506e-06
 1.316e+01 4.217e-06
 1.318e+01 4.849e-06
 1.320e+01 5.362e-06
 1.322e+01 5.723e-06
 1.324e+01 5.908e-06
 1.326e+01 5.907e-06
 1.328e+01 5.720e-06
 1.330e+01 5.358e-06
 1.332e+01 4.844e-06
 1.334e+01 4.210e-06
 1.336e+01 3.498e-06
 1.338e+01 2.752e-06
 1.340e+01 2.019e-06
 1.342e+01 1.346e-06
 1.344e+01 7.764e-07
 1.346e+01 3.455e-07
 1.348e+01 8.120e-08
 1.350e+01 5.080e-10
 1.352e+01 1.088e-07
 1.354e+01 3.995e-07
 1.356e+01 8.545e-07
 1.358e+01 1.445e-06
 1.360e+01 2.135e-06
 1.362e+01 2.879e-06
 1.364e+01 3.632e-06
 1.366e+01 4.346e-06
 1.368e+01 4.975e-06
 1.370e+01 5.481e-06
 1.372e+01 5.830e-06
 1.374e+01 6.000e-06
 1.376e+01 5.982e-06
 1.378e+01 5.775e-06
 1.380e+01 5.394e-06
 1.382e+01 4.861e-06
 1.384e+01 4.210e-06
 1.386e+01 3.483e-06
 1.388e+01 2.726e-06
 1.390e+01 1.986e-06
 1.392e+01 1.311e-06
 1.394e+01 7.440e-07
 1.396e+01 3.203e-07
 1.398e+01 6.769e-08
 1.400e+01 2.507e-09
 1.402e+01 1.295e-07
 1.404e+01 4.411e-07
 1.406e+01 9.184e-07
 1.408e+01 1.532e-06
 1.410e+01 2.243e-06
 1.412e+01 3.007e-06
 1.414e+01 3.777e-06
 1.416e+01 4.504e-06
 1.418e+01 5.142e-06
 1.420e+01 5.652e-06
 1.422e+01 6.000e-06
 1.424e+01 6.166e-06
 1.426e+01 6.138e-06
 1.428e+01 5.919e-06
 1.430e+01 5.521e-06
 1.432e+01 4.969e-06
 1.434e+01 4.299e-06
 1.436e+01 3.553e-06
 1.438e+01 2.776e-06
 1.440e+01 2.020e-06
 1.442e+01 1.330e-06
 1.444e+01 7.518e-07
 1.446e+01 3.213e-07
 1.448e+01 6.626e-08
 1.450e+01 3.184e-09
 1.452e+01 1.367e-07
 1.454e+01 4.589e-07
 1.456e+01 9.503e-07
 1.458e+01 1.581e-06
 1.460e+01 2.310e-06
 1.462e+01 3.095e-06
 1.464e+01 3.884e-06
 1.466e+01 4.630e-06
 1.468e+01 5.285e-06
 1.470e+01 5.809e-06
 1.472e+01 6.168e-06
 1.474e+01 6.339e-06
 1.476e+01 6.313e-06
 1.478e+01 6.091e-06
 1.480e+01 5.686e-06
 1.482e+01 5.123e-06
 1.484e+01 4.438e-06
 1.486e+01 3.674e-06
 1.488e+01 2.878e-06
 1.490e+01 2.101e-06
 1.492e+01 1.391e-06
 1.494e+01 7.934e-07
 1.496e+01 3.455e-07
 1.498e+01 7.589e-08
 1.500e+01 1.715e-09
 1.502e+01 1.281e-07
 1.504e+01 4.475e-07
 1.506e+01 9.404e-07
 1.508e+01 1.576e-06
 1.510e+01 2.316e-06
 1.512e+01 3.113e-06
 1.514e+01 3.918e-06
 1.516e+01 4.680e-06
 1.518e+01 5.353e-06
 1.520e+01 5.894e-06
 1.522e+01 6.269e-06
 1.524e+01 6.456e-06
 1.526e+01 6.441e-06
 1.528e+01 6.226e-06
 1.530e+01 5.825e-06
 1.532e+01 5.262e-06
 1.534e+01 4.572e-06
 1.536e+01 3.799e-06
 1.538e+01 2.991e-06
 1.540e+01 2.198e-06
 1.542e+01 1.470e-06
 1.544e+01 8.520e-07
 1.546e+01 3.835e-07
 1.548e+01 9.349e-08
 1.550e+01 1.584e-10
 1.552e+01 1.094e-07
 1.554e+01 4.146e-07
 1.556e+01 8.966e-07
 1.558e+01 1.526e-06
 1.560e+01 2.262e-06
 1.562e+01 3.061e-06
 1.564e+01 3.871e-06
 1.566e+01 4.642e-06
 1.568e+01 5.327e-06
 1.570e+01 5.882e-06
 1.572e+01 6.273e-06
 1.574e+01 6.476e-06
 1.576e+01 6.477e-06
 1.578e+01 6.277e-06
 1.580e+01 5.888e-06
 1.582e+01 5.335e-06
 1.584e+01 4.652e-06
 1.586e+01 3.881e-06
 1.588e+01 3.071e-06
 1.590e+01 2.273e-06
 1.592e+01 1.535e-06
 1.594e+01 9.050e-07
 1.596e+01 4.208e-07
 1.598e+01 1.129e-07
 1.600e+01 3.326e-10
 1.602e+01 8.985e-08
 1.604e+01 3.757e-07
 1.606e+01 8.397e-07
 1.608e+01 1.453e-06
 1.610e+01 2.176e-06
 1.612e+01 2.965e-06
 1.614e+01 3.769e-06
 1.616e+01 4.539e-06
 1.618e+01 5.226e-06
 1.620e+01 5.787e-06
 1.622e+01 6.187e-06
 1.624e+01 6.401e-06
 1.626e+01 6.416e-06
 1.628e+01 6.232e-06
 1.630e+01 5.859e-06
 1.632e+01 5.321e-06
 1.634e+01 4.652e-06
 1.636e+01 3.893e-06
 1.638e+01 3.092e-06
 1.640e+01 2.300e-06
 1.642e+01 1.565e-06
 1.644e+01 9.325e-07
 1.646e+01 4.430e-07
 1.648e+01 1.262e-07
 1.650e+01 1.568e-09
 1.652e+01 7.643e-08
 1.654e+01 3.457e-07
 1.656e+01 7.920e-07
 1.658e+01 1.387e-06
 1.660e+01 2.093e-06
 1.662e+01 2.866e-06
 1.664e+01 3.657e-06
 1.666e+01 4.415e-06
 1.668e+01 5.094e-06
 1.670e+01 5.651e-06
 1.672e+01 6.051e-06
 1.674e+01 6.269e-06
 1.676e+01 6.291e-06
 1.678e+01 6.116e-06
 1.680e+01 5.756e-06
 1.682e+01 5.232e-06
 1.684e+01 4.579e-06
 1.686e+01 3.836e-06
 1.688e+01 3.050e-06
 1.690e+01 2.272e-06
 1.692e+01 1.548e-06
 1.694e+01 9.255e-07
 1.696e+01 4.420e-07
 1.698e+01 1.277e-07
 1.700e+01 1.981e-09
 1.702e+01 7.225e-08
 1.704e+01 3.336e-07
 1.706e+01 7.692e-07
 1.708e+01 1.351e-06
 1.710e+01 2.043e-06
 1.712e+01 2.800e-06
 1.714e+01 3.575e-06
 1.716e+01 4.318e-06
 1.718e+01 4.984e-06
 1.720e+01 5.529e-06
 1.722e+01 5.921e-06
 1.724e+01 6.133e-06
 1.726e+01 6.153e-06
 1.728e+01 5.980e-06
 1.730e+01 5.625e-06
 1.732e+01 5.110e-06
 1.734e+01 4.467e-06
 1.736e+01 3.738e-06
 1.738e+01 2.967e-06
 1.740e+01 2.205e-06
 1.742e+01 1.497e-06
 1.744e+01 8.898e-07
 1.746e+01 4.202e-07
 1.748e+01 1.177e-07
 1.750e+01 1.061e-09
 1.752e+01 7.740e-08
 1.754e+01 3.415e-07
 1.756e+01 7.765e-07
 1.758e+01 1.355e-06
 1.760e+01 2.039e-06
 1.762e+01 2.787e-06
 1.764e+01 3.550e-06
 1.766e+01 4.280e-06
 1.768e+01 4.932e-06
 1.770e+01 5.464e-06
 1.772e+01 5.842e-06
 1.774e+01 6.043e-06
 1.776e+01 6.054e-06
 1.778e+01 5.875e-06
 1.780e+01 5.516e-06
 1.782e+01 5.001e-06
 1.784e+01 4.362e-06
 1.786e+01 3.639e-06
 1.788e+01 2.878e-06
 1.790e+01 2.127e-06
 1.792e+01 1.434e-06
 1.794e+01 8.420e-07
 1.796e+01 3.883e-07
 1.798e+01 1.017e-07
 1.800e+01 9.180e-11
 1.802e+01 8.989e-08
 1.804e+01 3.653e-07
 1.806e+01 8.090e-07
 1.808e+01 1.393e-06
 1.810e+01 2.080e-06
 1.812e+01 2.826e-06
 1.814e+01 3.586e-06
 1.816e+01 4.310e-06
 1.818e+01 4.952e-06
 1.820e+01 5.473e-06
 1.822e+01 5.840e-06
 1.824e+01 6.028e-06
 1.826e+01 6.027e-06
 1.828e+01 5.836e-06
 1.830e+01 5.467e-06
 1.832e+01 4.944e-06
 1.834e+01 4.300e-06
 1.836e+01 3.575e-06
 1.838e+01 2.816e-06
 1.840e+01 2.069e-06
 1.842e+01 1.383e-06
 1.844e+01 8.010e-07
 1.846e+01 3.595e-07
 1.848e+01 8.679e-08
 1.850e+01 2.286e-10
 1.852e+01 1.054e-07
 1.854e+01 3.960e-07
 1.856e+01 8.537e-07
 1.858e+01 1.450e-06
 1.860e+01 2.147e-06
 1.862e+01 2.901e-06
 1.864e+01 3.665e-06
 1.866e+01 4.391e-06
 1.868e+01 5.032e-06
 1.870e+01 5.548e-06
 1.872e+01 5.907e-06
 1.874e+01 6.086e-06
 1.876e+01 6.074e-06
 1.878e+01 5.871e-06
 1.880e+01 5.491e-06
 1.882e+01 4.956e-06
 1.884e+01 4.301e-06
 1.886e+01 3.567e-06
 1.888e+01 2.800e-06
 1.890e+01 2.049e-06
 1.892e+01 1.361e-06
 1.894e+01 7.805e-07
 1.896e+01 3.434e-07
 1.898e+01 7.793e-08
 1.900e+01 1.044e-09
 1.902e+01 1.180e-07
 1.904e+01 4.217e-07
 1.906e+01 8.934e-07
 1.908e+01 1.504e-06
 1.910e+01 2.215e-06
 1.912e+01 2.982e-06
 1.914e+01 3.756e-06
 1.916e+01 4.490e-06
 1.918e+01 5.137e-06
 1.920e+01 5.657e-06
 1.922e+01 6.016e-06
 1.924e+01 6.192e-06
 1.926e+01 6.174e-06
 1.928e+01 5.963e-06
 1.930e+01 5.572e-06
 1.932e+01 5.026e-06
 1.934e+01 4.358e-06
 1.936e+01 3.611e-06
 1.938e+01 2.832e-06
 1.940e+01 2.071e-06
 1.942e+01 1.374e-06
 1.944e+01 7.858e-07
 1.946e+01 3.442e-07
 1.948e+01 7.701e-08
 1.950e+01 1.314e-09
 1.952e+01 1.223e-07
 1.954e+01 4.326e-07
 1.956e+01 9.133e-07
 1.958e+01 1.534e-06
 1.960e+01 2.257e-06
 1.962e+01 3.037e-06
 1.964e+01 3.824e-06
 1.966e+01 4.570e-06
 1.968e+01 5.228e-06
 1.970e+01 5.757e-06
 1.972e+01 6.123e-06
 1.974e+01 6.303e-06
 1.976e+01 6.286e-06
 1.978e+01 6.074e-06
 1.980e+01 5.678e-06
 1.982e+01 5.125e-06
 1.984e+01 4.448e-06
 1.986e+01 3.690e-06
 1.988e+01 2.899e-06
 1.990e+01 2.123e-06
 1.992e+01 1.413e-06
 1.994e+01 8.132e-07
 1.996e+01 3.604e-07
 1.998e+01 8.367e-08
 2.000e+01 7.005e-10
 2.002e+01 1.169e-07
 2.004e+01 4.253e-07
 2.006e+01 9.068e-07
 2.008e+01 1.531e-06
 2.010e+01 2.260e-06
 2.012e+01 3.048e-06
 2.014e+01 3.845e-06
 2.016e+01 4.602e-06
 2.018e+01 5.272e-06
 2.020e+01 5.812e-06
 2.022e+01 6.188e-06
 2.024e+01 6.378e-06
 2.026e+01 6.368e-06
 2.028e+01 6.161e-06
 2.030e+01 5.768e-06
 2.032e+01 5.214e-06
 2.034e+01 4.535e-06
 2.036e+01 3.771e-06
 2.038e+01 2.972e-06
 2.040e+01 2.187e-06
 2.042e+01 1.465e-06
 2.044e+01 8.516e-07
 2.046e+01 3.855e-07
 2.048e+01 9.553e-08
 2.050e+01 5.748e-11
 2.052e+01 1.051e-07
 2.054e+01 4.041e-07
 2.056e+01 8.784e-07
 2.058e+01 1.498e-06
 2.060e+01 2.225e-06
 2.062e+01 3.014e-06
 2.064e+01 3.815e-06
 2.066e+01 4.577e-06
 2.068e+01 5.254e-06
 2.070e+01 5.803e-06
 2.072e+01 6.190e-06
 2.074e+01 6.390e-06
 2.076e+01 6.392e-06
 2.078e+01 6.194e-06
 2.080e+01 5.809e-06
 2.082e+01 5.262e-06
 2.084e+01 4.587e-06
 2.086e+01 3.825e-06
 2.088e+01 3.025e-06
 2.090e+01 2.236e-06
 2.092e+01 1.508e-06
 2.094e+01 8.864e-07
 2.096e+01 4.100e-07
 2.098e+01 1.083e-07
 2.100e+01 1.635e-10
 2.102e+01 9.219e-08
 2.104e+01 3.784e-07
 2.106e+01 8.409e-07
 2.108e+01 1.450e-06
 2.110e+01 2.169e-06
 2.112e+01 2.951e-06
 2.114e+01 3.747e-06
 2.116e+01 4.509e-06
 2.118e+01 5.187e-06
 2.120e+01 5.740e-06
 2.122e+01 6.133e-06
 2.124e+01 6.341e-06
 2.126e+01 6.351e-06
 2.128e+01 6.163e-06
 2.130e+01 5.789e-06
 2.132e+01 5.252e-06
 2.134e+01 4.586e-06
 2.136e+01 3.832e-06
 2.138e+01 3.038e-06
 2.140e+01 2.253e-06
 2.142e+01 1.527e-06
 2.144e+01 9.044e-07
 2.146e+01 4.244e-07
 2.148e+01 1.169e-07
 2.150e+01 7.297e-10
 2.152e+01 8.300e-08
 2.154e+01 3.582e-07
 2.156e+01 8.089e-07
 2.158e+01 1.406e-06
 2.160e+01 2.113e-06
 2.162e+01 2.884e-06
 2.164e+01 3.672e-06
 2.166e+01 4.426e-06
 2.168e+01 5.099e-06
 2.170e+01 5.649e-06
 2.172e+01 6.041e-06
 2.174e+01 6.252e-06
 2.176e+01 6.267e-06
 2.178e+01 6.086e-06
 2.180e+01 5.720e-06
 2.182e+01 5.193e-06
 2.184e+01 4.537e-06
 2.186e+01 3.794e-06
 2.188e+01 3.010e-06
 2.190e+01 2.234e-06
 2.192e+01 1.516e-06
 2.194e+01 8.996e-07
 2.196e+01 4.236e-07
 2.198e+01 1.178e-07
 2.200e+01 9.155e-10
 2.202e+01 8.008e-08
 2.204e+01 3.500e-07
 2.206e+01 7.933e-07
 2.208e+01 1.382e-06
 2.210e+01 2.079e-06
 2.212e+01 2.839e-06
 2.214e+01 3.616e-06
 2.216e+01 4.360e-06
 2.218e+01 5.024e-06
 2.220e+01 5.566e-06
 2.222e+01 5.953e-06
 2.224e+01 6.160e-06
 2.226e+01 6.173e-06
 2.228e+01 5.993e-06
 2.230e+01 5.631e-06
 2.232e+01 5.110e-06
 2.234e+01 4.461e-06
 2.236e+01 3.727e-06
 2.238e+01 2.954e-06
 2.240e+01 2.189e-06
 2.242e+01 1.481e-06
 2.244e+01 8.754e-07
 2.246e+01 4.090e-07
 2.248e+01 1.111e-07
 2.250e+01 4.862e-10
 2.252e+01 8.379e-08
 2.254e+01 3.556e-07
 2.256e+01 7.985e-07
 2.258e+01 1.384e-06
 2.260e+01 2.076e-06
 2.262e+01 2.831e-06
 2.264e+01 3.599e-06
 2.266e+01 4.334e-06
 2.268e+01 4.989e-06
 2.270e+01 5.522e-06
 2.272e+01 5.899e-06
 2.274e+01 6.098e-06
 2.276e+01 6.106e-06
 2.278e+01 5.921e-06
 2.280e+01 5.557e-06
 2.282e+01 5.035e-06
 2.284e+01 4.389e-06
 2.286e+01 3.659e-06
 2.288e+01 2.892e-06
 2.290e+01 2.136e-06
 2.292e+01 1.438e-06
 2.294e+01 8.426e-07
 2.296e+01 3.872e-07
 2.298e+01 1.003e-07
 2.300e+01 3.818e-11
 2.302e+01 9.266e-08
 2.304e+01 3.723e-07
 2.306e+01 8.212e-07
 2.308e+01 1.411e-06
 2.310e+01 2.105e-06
 2.312e+01 2.858e-06
 2.314e+01 3.625e-06
 2.316e+01 4.355e-06
 2.318e+01 5.003e-06
 2.320e+01 5.528e-06
 2.322e+01 5.898e-06
 2.324e+01 6.088e-06
 2.326e+01 6.087e-06
 2.328e+01 5.894e-06
 2.330e+01 5.523e-06
 2.332e+01 4.996e-06
 2.334e+01 4.346e-06
 2.336e+01 3.615e-06
 2.338e+01 2.849e-06
 2.340e+01 2.095e-06
 2.342e+01 1.403e-06
 2.344e+01 8.140e-07
 2.346e+01 3.671e-07
 2.348e+01 8.991e-08
 2.350e+01 1.208e-10
 2.352e+01 1.035e-07
 2.354e+01 3.937e-07
 2.356e+01 8.525e-07
 2.358e+01 1.451e-06
 2.360e+01 2.152e-06
 2.362e+01 2.911e-06
 2.364e+01 3.680e-06
 2.366e+01 4.412e-06
 2.368e+01 5.059e-06
 2.370e+01 5.581e-06
 2.372e+01 5.945e-06
 2.374e+01 6.129e-06
 2.376e+01 6.120e-06
 2.378e+01 5.920e-06
 2.380e+01 5.539e-06
 2.382e+01 5.004e-06
 2.384e+01 4.347e-06
 2.386e+01 3.609e-06
 2.388e+01 2.838e-06
 2.390e+01 2.081e-06
 2.392e+01 1.387e-06
 2.394e+01 7.996e-07
 2.396e+01 3.557e-07
 2.398e+01 8.355e-08
 2.400e+01 5.296e-10
 2.402e+01 1.121e-07
 2.404e+01 4.115e-07
 2.406e+01 8.802e-07
 2.408e+01 1.489e-06
 2.410e+01 2.199e-06
 2.412e+01 2.967e-06
 2.414e+01 3.744e-06
 2.416e+01 4.482e-06
 2.418e+01 5.133e-06
 2.420e+01 5.658e-06
 2.422e+01 6.022e-06
 2.424e+01 6.204e-06
 2.426e+01 6.191e-06
 2.428e+01 5.984e-06
 2.430e+01 5.597e-06
 2.432e+01 5.054e-06
 2.434e+01 4.388e-06
 2.436e+01 3.641e-06
 2.438e+01 2.861e-06
 2.440e+01 2.097e-06
 2.442e+01 1.396e-06
 2.444e+01 8.035e-07
 2.446e+01 3.563e-07
 2.448e+01 8.291e-08
 2.450e+01 6.630e-10
 2.452e+01 1.150e-07
 2.454e+01 4.191e-07
 2.456e+01 8.941e-07
 2.458e+01 1.510e-06
 2.460e+01 2.229e-06
 2.462e+01 3.006e-06
 2.464e+01 3.792e-06
 2.466e+01 4.538e-06
 2.468e+01 5.198e-06
 2.470e+01 5.728e-06
 2.472e+01 6.098e-06
 2.474e+01 6.282e-06
 2.476e+01 6.271e-06
 2.478e+01 6.063e-06
 2.480e+01 5.673e-06
 2.482e+01 5.124e-06
 2.484e+01 4.451e-06
 2.486e+01 3.697e-06
 2.488e+01 2.908e-06
 2.490e+01 2.135e-06
 2.492e+01 1.425e-06
 2.494e+01 8.232e-07
 2.496e+01 3.680e-07
 2.498e+01 8.782e-08
 2.500e+01 3.510e-10
 2.502e+01 1.113e-07
 2.504e+01 4.139e-07
 2.506e+01 8.894e-07
 2.508e+01 1.508e-06
 2.510e+01 2.231e-06
 2.512e+01 3.014e-06
 2.514e+01 3.807e-06
 2.516e+01 4.561e-06
 2.518e+01 5.228e-06
 2.520e+01 5.767e-06
 2.522e+01 6.144e-06
 2.524e+01 6.335e-06
 2.526e+01 6.329e-06
 2.528e+01 6.125e-06
 2.530e+01 5.737e-06
 2.532e+01 5.188e-06
 2.534e+01 4.514e-06
 2.536e+01 3.755e-06
 2.538e+01 2.961e-06
 2.540e+01 2.180e-06
 2.542e+01 1.462e-06
 2.544e+01 8.509e-07
 2.546e+01 3.862e-07
 2.548e+01 9.646e-08
 2.550e+01 2.655e-11
 2.552e+01 1.029e-07
 2.554e+01 3.988e-07
 2.556e+01 8.691e-07
 2.558e+01 1.484e-06
 2.560e+01 2.206e-06
 2.562e+01 2.989e-06
 2.564e+01 3.785e-06
 2.566e+01 4.543e-06
 2.568e+01 5.216e-06
 2.570e+01 5.761e-06
 2.572e+01 6.146e-06
 2.574e+01 6.344e-06
 2.576e+01 6.346e-06
 2.578e+01 6.149e-06
 2.580e+01 5.766e-06
 2.582e+01 5.222e-06
 2.584e+01 4.551e-06
 2.586e+01 3.794e-06
 2.588e+01 2.999e-06
 2.590e+01 2.215e-06
 2.592e+01 1.493e-06
 2.594e+01 8.760e-07
 2.596e+01 4.038e-07
 2.598e+01 1.057e-07
 2.600e+01 9.168e-11
 2.602e+01 9.362e-08
 2.604e+01 3.803e-07
 2.606e+01 8.420e-07
 2.608e+01 1.450e-06
 2.610e+01 2.165e-06
 2.612e+01 2.944e-06
 2.614e+01 3.736e-06
 2.616e+01 4.493e-06
 2.618e+01 5.167e-06
 2.620e+01 5.715e-06
 2.622e+01 6.104e-06
 2.624e+01 6.308e-06
 2.626e+01 6.316e-06
 2.628e+01 6.127e-06
 2.630e+01 5.752e-06
 2.632e+01 5.215e-06
 2.634e+01 4.550e-06
 2.636e+01 3.799e-06
 2.638e+01 3.008e-06
 2.640e+01 2.228e-06
 2.642e+01 1.506e-06
 2.644e+01 8.889e-07
 2.646e+01 4.142e-07
 2.648e+01 1.118e-07
 2.650e+01 3.964e-10
 2.652e+01 8.685e-08
 2.654e+01 3.655e-07
 2.656e+01 8.186e-07
 2.658e+01 1.418e-06
 2.660e+01 2.125e-06
 2.662e+01 2.895e-06
 2.664e+01 3.681e-06
 2.666e+01 4.433e-06
 2.668e+01 5.102e-06
 2.670e+01 5.649e-06
 2.672e+01 6.037e-06
 2.674e+01 6.243e-06
 2.676e+01 6.255e-06
 2.678e+01 6.070e-06
 2.680e+01 5.701e-06
 2.682e+01 5.172e-06
 2.684e+01 4.514e-06
 2.686e+01 3.771e-06
 2.688e+01 2.988e-06
 2.690e+01 2.214e-06
 2.692e+01 1.498e-06
 2.694e+01 8.854e-07
 2.696e+01 4.136e-07
 2.698e+01 1.124e-07
 2.700e+01 4.953e-10
 2.702e+01 8.467e-08
 2.704e+01 3.594e-07
 2.706e+01 8.072e-07
 2.708e+01 1.400e-06
 2.710e+01 2.099e-06
 2.712e+01 2.862e-06
 2.714e+01 3.640e-06
 2.716e+01 4.384e-06
 2.718e+01 5.047e-06
 2.720e+01 5.588e-06
 2.722e+01 5.972e-06
 2.724e+01 6.176e-06
 2.726e+01 6.186e-06
 2.728e+01 6.002e-06
 2.730e+01 5.636e-06
 2.732e+01 5.110e-06
 2.734e+01 4.459e-06
 2.736e+01 3.722e-06
 2.738e+01 2.946e-06
 2.740e+01 2.181e-06
 2.742e+01 1.473e-06
 2.744e+01 8.676e-07
 2.746e+01 4.028e-07
 2.748e+01 1.076e-07
 2.750e+01 2.616e-10
 2.752e+01 8.749e-08
 2.754e+01 3.636e-07
 2.756e+01 8.111e-07
 2.758e+01 1.402e-06
 2.760e+01 2.098e-06
 2.762e+01 2.856e-06
 2.764e+01 3.628e-06
 2.766e+01 4.365e-06
 2.768e+01 5.021e-06
 2.770e+01 5.555e-06
 2.772e+01 5.932e-06
 2.774e+01 6.130e-06
 2.776e+01 6.136e-06
 2.778e+01 5.948e-06
 2.780e+01 5.581e-06
 2.782e+01 5.055e-06
 2.784e+01 4.405e-06
 2.786e+01 3.672e-06
 2.788e+01 2.901e-06
 2.790e+01 2.141e-06
 2.792e+01 1.441e-06
 2.794e+01 8.433e-07
 2.796e+01 3.867e-07
 2.798e+01 9.961e-08
 2.800e+01 1.917e-11
 2.802e+01 9.419e-08
 2.804e+01 3.761e-07
 2.806e+01 8.281e-07
 2.808e+01 1.422e-06
 2.810e+01 2.119e-06
 2.812e+01 2.877e-06
 2.814e+01 3.647e-06
 2.816e+01 4.381e-06
 2.818e+01 5.032e-06
 2.820e+01 5.560e-06
 2.822e+01 5.931e-06
 2.824e+01 6.123e-06
 2.826e+01 6.122e-06
 2.828e+01 5.929e-06
 2.830e+01 5.555e-06
 2.832e+01 5.026e-06
 2.834e+01 4.373e-06
 2.836e+01 3.639e-06
 2.838e+01 2.868e-06
 2.840e+01 2.111e-06
 2.842e+01 1.414e-06
 2.844e+01 8.219e-07
 2.846e+01 3.717e-07
 2.848e+01 9.183e-08
 2.850e+01 7.119e-11
 2.852e+01 1.023e-07
 2.854e+01 3.921e-07
 2.856e+01 8.515e-07
 2.858e+01 1.451e-06
 2.860e+01 2.154e-06
 2.862e+01 2.916e-06
 2.864e+01 3.689e-06
 2.866e+01 4.423e-06
 2.868e+01 5.074e-06
 2.870e+01 5.600e-06
 2.872e+01 5.967e-06
 2.874e+01 6.154e-06
 2.876e+01 6.147e-06
 2.878e+01 5.948e-06
 2.880e+01 5.568e-06
 2.882e+01 5.032e-06
 2.884e+01 4.374e-06
 2.886e+01 3.634e-06
 2.888e+01 2.860e-06
 2.890e+01 2.100e-06
 2.892e+01 1.403e-06
 2.894e+01 8.111e-07
 2.896e+01 3.631e-07
 2.898e+01 8.699e-08
 2.900e+01 3.044e-10
 2.902e+01 1.087e-07
 2.904e+01 4.055e-07
 2.906e+01 8.723e-07
 2.908e+01 1.480e-06
 2.910e+01 2.190e-06
 2.912e+01 2.958e-06
 2.914e+01 3.737e-06
 2.916e+01 4.476e-06
 2.918e+01 5.130e-06
 2.920e+01 5.657e-06
 2.922e+01 6.025e-06
 2.924e+01 6.210e-06
 2.926e+01 6.200e-06
 2.928e+01 5.997e-06
 2.930e+01 5.612e-06
 2.932e+01 5.070e-06
 2.934e+01 4.405e-06
 2.936e+01 3.658e-06
 2.938e+01 2.878e-06
 2.940e+01 2.112e-06
 2.942e+01 1.409e-06
 2.944e+01 8.141e-07
 2.946e+01 3.636e-07
 2.948e+01 8.651e-08
 2.950e+01 3.797e-10
 2.952e+01 1.108e-07
 2.954e+01 4.111e-07
 2.956e+01 8.826e-07
 2.958e+01 1.496e-06
 2.960e+01 2.213e-06
 2.962e+01 2.988e-06
 2.964e+01 3.773e-06
 2.966e+01 4.519e-06
 2.968e+01 5.179e-06
 2.970e+01 5.711e-06
 2.972e+01 6.082e-06
 2.974e+01 6.269e-06
 2.976e+01 6.261e-06
 2.978e+01 6.056e-06
 2.980e+01 5.669e-06
 2.982e+01 5.123e-06
 2.984e+01 4.453e-06
 2.986e+01 3.701e-06
 2.988e+01 2.914e-06
 2.990e+01 2.141e-06
 2.992e+01 1.431e-06
 2.994e+01 8.292e-07
 2.996e+01 3.726e-07
 2.998e+01 9.032e-08
 3.000e+01 2.001e-10
 3.002e+01 1.080e-07
