 1.000e+00 1.851e-01
 2.000e+00 1.472e-01
 3.000e+00 5.545e-02
 4.000e+00 4.214e-02
 5.000e+00 6.108e-02
 6.000e+00 7.428e-02
 7.000e+00 6.885e-02
 8.000e+00 5.833e-02
 9.000e+00 5.652e-02
 1.000e+01 6.263e-02
 1.100e+01 6.713e-02
 1.200e+01 6.488e-02
 1.300e+01 6.027e-02
 1.400e+01 5.949e-02
 1.500e+01 6.269e-02
 1.600e+01 6.511e-02
 1.700e+01 6.381e-02
 1.800e+01 6.108e-02
 1.900e+01 6.063e-02
 2.000e+01 6.267e-02
 2.100e+01 6.422e-02
 2.200e+01 6.335e-02
 2.300e+01 6.150e-02
 2.400e+01 6.120e-02
 2.500e+01 6.264e-02
 2.600e+01 6.374e-02
 2.700e+01 6.311e-02
 2.800e+01 6.175e-02
 2.900e+01 6.153e-02
 3.000e+01 6.261e-02
